5.36315e-05
0.000107273
0.000160924
0.000214586
0.000268257
0.000321939
0.000375631
0.000429332
0.000483044
0.000536766
0.000590497
0.000644239
0.000697991
0.000751753
0.000805525
0.000859308
0.0009131
0.000966902
0.00102071
0.00107454
0.00112837
0.00118221
0.00123607
0.00128993
0.0013438
0.00139769
0.00145158
0.00150548
0.0015594
0.00161332
0.00166726
0.0017212
0.00177515
0.00182912
0.00188309
0.00193708
0.00199107
0.00204508
0.0020991
0.00215312
0.00220716
0.00226121
0.00231526
0.00236933
0.00242341
0.00247749
0.00253159
0.0025857
0.00263982
0.00269395
0.00274809
0.00280224
0.00285639
0.00291056
0.00296474
0.00301893
0.00307314
0.00312735
0.00318157
0.0032358
0.00329004
0.00334429
0.00339855
0.00345283
0.00350711
0.0035614
0.00361571
0.00367002
0.00372435
0.00377868
0.00383303
0.00388738
0.00394175
0.00399612
0.00405051
0.00410491
0.00415932
0.00421373
0.00426816
0.0043226
0.00437705
0.00443151
0.00448598
0.00454046
0.00459496
0.00464946
0.00470397
0.00475849
0.00481303
0.00486757
0.00492213
0.00497669
0.00503127
0.00508585
0.00514045
0.00519506
0.00524968
0.00530431
0.00535895
0.0054136
0.00546826
0.00552293
0.00557761
0.0056323
0.005687
0.00574172
0.00579644
0.00585118
0.00590592
0.00596068
0.00601544
0.00607022
0.00612501
0.00617981
0.00623462
0.00628944
0.00634427
0.00639911
0.00645396
0.00650883
0.0065637
0.00661859
0.00667348
0.00672839
0.0067833
0.00683823
0.00689316
0.00694811
0.00700307
0.00705804
0.00711302
0.00716801
0.00722301
0.00727802
0.00733304
0.00738808
0.00744312
0.00749818
0.00755324
0.00760832
0.0076634
0.0077185
0.00777361
0.00782873
0.00788386
0.007939
0.00799415
0.00804931
0.00810449
0.00815967
0.00821486
0.00827007
0.00832529
0.00838051
0.00843575
0.008491
0.00854626
0.00860153
0.00865681
0.0087121
0.00876741
0.00882272
0.00887805
0.00893338
0.00898873
0.00904409
0.00909946
0.00915484
0.00921023
0.00926563
0.00932104
0.00937647
0.0094319
0.00948735
0.0095428
0.00959827
0.00965375
0.00970924
0.00976474
0.00982025
0.00987577
0.00993131
0.00998685
0.0100424
0.010098
0.0101535
0.0102091
0.0102647
0.0103204
0.010376
0.0104316
0.0104873
0.0105429
0.0105986
0.0106543
0.0107099
0.0107656
0.0108213
0.0108771
0.0109328
0.0109886
0.0110443
0.0111001
0.0111559
0.0112116
0.0112674
0.0113233
0.0113791
0.0114349
0.0114908
0.0115466
0.0116025
0.0116584
0.0117142
0.0117701
0.0118261
0.011882
0.0119379
0.0119939
0.0120498
0.0121058
0.0121618
0.0122177
0.0122737
0.0123298
0.0123858
0.0124418
0.0124979
0.0125539
0.01261
0.0126661
0.0127222
0.0127783
0.0128344
0.0128905
0.0129466
0.0130028
0.0130589
0.0131151
0.0131713
0.0132275
0.0132837
0.0133399
0.0133961
0.0134523
0.0135086
0.0135648
0.0136211
0.0136774
0.0137337
0.01379
0.0138463
0.0139026
0.013959
0.0140153
0.0140717
0.014128
0.0141844
0.0142408
0.0142972
0.0143536
0.0144101
0.0144665
0.0145229
0.0145794
0.0146359
0.0146924
0.0147489
0.0148054
0.0148619
0.0149184
0.014975
0.0150315
0.0150881
0.0151446
0.0152012
0.0152578
0.0153144
0.0153711
0.0154277
0.0154843
0.015541
0.0155977
0.0156543
0.015711
0.0157677
0.0158244
0.0158812
0.0159379
0.0159947
0.0160514
0.0161082
0.016165
0.0162218
0.0162786
0.0163354
0.0163922
0.016449
0.0165059
0.0165628
0.0166196
0.0166765
0.0167334
0.0167903
0.0168472
0.0169042
0.0169611
0.0170181
0.017075
0.017132
0.017189
0.017246
0.017303
0.0173601
0.0174171
0.0174742
0.0175312
0.0175883
0.0176454
0.0177025
0.0177596
0.0178167
0.0178738
0.017931
0.0179881
0.0180453
0.0181025
0.0181597
0.0182169
0.0182741
0.0183313
0.0183885
0.0184458
0.018503
0.0185603
0.0186176
0.0186749
0.0187322
0.0187895
0.0188469
0.0189042
0.0189616
0.0190189
0.0190763
0.0191337
0.0191911
0.0192485
0.0193059
0.0193634
0.0194208
0.0194783
0.0195357
0.0195932
0.0196507
0.0197082
0.0197657
0.0198233
0.0198808
0.0199384
0.0199959
0.0200535
0.0201111
0.0201687
0.0202263
0.0202839
0.0203416
0.0203992
0.0204569
0.0205145
0.0205722
0.0206299
0.0206876
0.0207453
0.0208031
0.0208608
0.0209186
0.0209763
0.0210341
0.0210919
0.0211497
0.0212075
0.0212653
0.0213232
0.021381
0.0214389
0.0214968
0.0215547
0.0216126
0.0216705
0.0217284
0.0217863
0.0218443
0.0219022
0.0219602
0.0220182
0.0220762
0.0221342
0.0221922
0.0222502
0.0223082
0.0223663
0.0224243
0.0224824
0.0225405
0.0225986
0.0226567
0.0227148
0.022773
0.0228311
0.0228893
0.0229474
0.0230056
0.0230638
0.023122
0.0231802
0.0232384
0.0232967
0.0233549
0.0234132
0.0234715
0.0235298
0.0235881
0.0236464
0.0237047
0.023763
0.0238214
0.0238797
0.0239381
0.0239965
0.0240549
0.0241133
0.0241717
0.0242301
0.0242886
0.024347
0.0244055
0.024464
0.0245225
0.024581
0.0246395
0.024698
0.0247566
0.0248151
0.0248737
0.0249323
0.0249908
0.0250494
0.0251081
0.0251667
0.0252253
0.025284
0.0253426
0.0254013
0.02546
0.0255187
0.0255774
0.0256361
0.0256948
0.0257536
0.0258123
0.0258711
0.0259299
0.0259887
0.0260475
0.0261063
0.0261651
0.026224
0.0262828
0.0263417
0.0264006
0.0264595
0.0265184
0.0265773
0.0266362
0.0266952
0.0267541
0.0268131
0.026872
0.026931
0.02699
0.027049
0.027108
0.0271671
0.0272261
0.0272852
0.0273443
0.0274033
0.0274624
0.0275215
0.0275807
0.0276398
0.0276989
0.0277581
0.0278172
0.0278764
0.0279356
0.0279948
0.028054
0.0281133
0.0281725
0.0282318
0.028291
0.0283503
0.0284096
0.0284689
0.0285282
0.0285875
0.0286469
0.0287062
0.0287656
0.028825
0.0288844
0.0289438
0.0290032
0.0290626
0.0291221
0.0291815
0.029241
0.0293005
0.02936
0.0294195
0.029479
0.0295385
0.029598
0.0296576
0.0297172
0.0297767
0.0298363
0.0298959
0.0299555
0.0300152
0.0300748
0.0301345
0.0301941
0.0302538
0.0303135
0.0303732
0.0304329
0.0304926
0.0305524
0.0306121
0.0306719
0.0307317
0.0307915
0.0308513
0.0309111
0.0309709
0.0310308
0.0310906
0.0311505
0.0312104
0.0312703
0.0313302
0.0313901
0.03145
0.03151
0.0315699
0.0316299
0.0316899
0.0317499
0.0318099
0.0318699
0.0319299
0.03199
0.03205
0.0321101
0.0321702
0.0322303
0.0322904
0.0323505
0.0324106
0.0324708
0.0325309
0.0325911
0.0326513
0.0327115
0.0327717
0.0328319
0.0328921
0.0329524
0.0330126
0.0330729
0.0331332
0.0331935
0.0332538
0.0333141
0.0333744
0.0334348
0.0334951
0.0335555
0.0336159
0.0336763
0.0337367
0.0337971
0.0338576
0.033918
0.0339785
0.0340389
0.0340994
0.0341599
0.0342204
0.0342809
0.0343415
0.034402
0.0344626
0.0345231
0.0345837
0.0346443
0.0347049
0.0347655
0.0348261
0.0348868
0.0349474
0.0350081
0.0350688
0.0351295
0.0351902
0.0352509
0.0353116
0.0353724
0.0354331
0.0354939
0.0355547
0.0356155
0.0356763
0.0357371
0.035798
0.0358588
0.0359197
0.0359806
0.0360414
0.0361023
0.0361633
0.0362242
0.0362851
0.0363461
0.036407
0.036468
0.036529
0.03659
0.036651
0.0367121
0.0367731
0.0368342
0.0368952
0.0369563
0.0370174
0.0370785
0.0371396
0.0372007
0.0372619
0.0373231
0.0373842
0.0374454
0.0375066
0.0375678
0.037629
0.0376903
0.0377515
0.0378128
0.0378741
0.0379354
0.0379967
0.038058
0.0381193
0.0381806
0.038242
0.0383034
0.0383647
0.0384261
0.0384875
0.0385489
0.0386104
0.0386718
0.0387333
0.0387947
0.0388562
0.0389177
0.0389792
0.0390407
0.0391022
0.0391638
0.0392253
0.0392869
0.0393485
0.0394101
0.0394717
0.0395333
0.039595
0.0396566
0.0397183
0.0397799
0.0398416
0.0399033
0.0399651
0.0400268
0.0400885
0.0401503
0.040212
0.0402738
0.0403356
0.0403974
0.0404592
0.0405211
0.0405829
0.0406448
0.0407066
0.0407685
0.0408304
0.0408923
0.0409542
0.0410162
0.0410781
0.0411401
0.041202
0.041264
0.041326
0.041388
0.0414501
0.0415121
0.0415741
0.0416362
0.0416983
0.0417604
0.0418225
0.0418846
0.0419467
0.0420088
0.042071
0.0421332
0.0421953
0.0422575
0.0423197
0.042382
0.0424442
0.0425064
0.0425687
0.042631
0.0426933
0.0427556
0.0428179
0.0428802
0.0429425
0.0430049
0.0430672
0.0431296
0.043192
0.0432544
0.0433168
0.0433792
0.0434417
0.0435041
0.0435666
0.0436291
0.0436916
0.0437541
0.0438166
0.0438791
0.0439417
0.0440042
0.0440668
0.0441294
0.044192
0.0442546
0.0443173
0.0443799
0.0444426
0.0445052
0.0445679
0.0446306
0.0446933
0.0447561
0.0448188
0.0448815
0.0449443
0.0450071
0.0450699
0.0451327
0.0451955
0.0452583
0.0453212
0.045384
0.0454469
0.0455097
0.0455726
0.0456355
0.0456984
0.0457614
0.0458243
0.0458873
0.0459502
0.0460132
0.0460762
0.0461392
0.0462023
0.0462653
0.0463283
0.0463914
0.0464545
0.0465176
0.0465807
0.0466438
0.0467069
0.04677
0.0468332
0.0468963
0.0469595
0.0470227
0.0470859
0.0471491
0.0472123
0.0472756
0.0473388
0.0474021
0.0474653
0.0475286
0.0475919
0.0476552
0.0477186
0.0477819
0.0478453
0.0479086
0.047972
0.0480354
0.0480988
0.0481622
0.0482256
0.0482891
0.0483525
0.048416
0.0484795
0.048543
0.0486065
0.04867
0.0487335
0.0487971
0.0488607
0.0489242
0.0489878
0.0490514
0.049115
0.0491786
0.0492423
0.0493059
0.0493696
0.0494333
0.049497
0.0495607
0.0496244
0.0496881
0.0497519
0.0498156
0.0498794
0.0499432
0.050007
0.0500708
0.0501346
0.0501984
0.0502623
0.0503261
0.05039
0.0504539
0.0505178
0.0505817
0.0506456
0.0507096
0.0507735
0.0508375
0.0509014
0.0509654
0.0510294
0.0510934
0.0511575
0.0512215
0.0512855
0.0513496
0.0514137
0.0514778
0.0515419
0.051606
0.0516701
0.0517343
0.0517984
0.0518626
0.0519268
0.051991
0.0520552
0.0521195
0.0521837
0.0522479
0.0523122
0.0523765
0.0524408
0.0525051
0.0525694
0.0526337
0.0526981
0.0527624
0.0528268
0.0528912
0.0529556
0.05302
0.0530844
0.0531488
0.0532133
0.0532778
0.0533423
0.0534067
0.0534713
0.0535358
0.0536003
0.0536649
0.0537294
0.053794
0.0538586
0.0539232
0.0539878
0.0540524
0.0541171
0.0541817
0.0542464
0.0543111
0.0543758
0.0544405
0.0545052
0.0545699
0.0546347
0.0546994
0.0547642
0.054829
0.0548938
0.0549586
0.0550234
0.0550882
0.0551531
0.0552179
0.0552828
0.0553477
0.0554126
0.0554775
0.0555424
0.0556074
0.0556723
0.0557373
0.0558023
0.0558673
0.0559323
0.0559973
0.0560623
0.0561274
0.0561924
0.0562575
0.0563226
0.0563877
0.0564528
0.0565179
0.056583
0.0566482
0.0567133
0.0567785
0.0568437
0.0569089
0.0569741
0.0570394
0.0571046
0.0571699
0.0572351
0.0573004
0.0573657
0.057431
0.0574963
0.0575616
0.057627
0.0576923
0.0577577
0.0578231
0.0578885
0.0579539
0.0580193
0.0580847
0.0581502
0.0582157
0.0582811
0.0583466
0.0584121
0.0584777
0.0585432
0.0586087
0.0586743
0.0587399
0.0588054
0.058871
0.0589366
0.0590023
0.0590679
0.0591335
0.0591992
0.0592649
0.0593306
0.0593963
0.059462
0.0595277
0.0595935
0.0596592
0.059725
0.0597908
0.0598566
0.0599224
0.0599882
0.0600541
0.0601199
0.0601858
0.0602517
0.0603176
0.0603835
0.0604494
0.0605154
0.0605813
0.0606473
0.0607133
0.0607793
0.0608453
0.0609113
0.0609774
0.0610434
0.0611095
0.0611756
0.0612416
0.0613077
0.0613739
0.06144
0.0615061
0.0615723
0.0616384
0.0617046
0.0617708
0.061837
0.0619033
0.0619695
0.0620357
0.062102
0.0621683
0.0622346
0.0623009
0.0623672
0.0624335
0.0624998
0.0625662
0.0626325
0.0626989
0.0627653
0.0628317
0.0628981
0.0629645
0.063031
0.0630974
0.0631639
0.0632304
0.0632969
0.0633634
0.0634299
0.0634965
0.063563
0.0636296
0.0636962
0.0637628
0.0638294
0.063896
0.0639626
0.0640293
0.064096
0.0641626
0.0642293
0.064296
0.0643628
0.0644295
0.0644962
0.064563
0.0646298
0.0646966
0.0647633
0.0648302
0.064897
0.0649638
0.0650307
0.0650975
0.0651644
0.0652313
0.0652982
0.0653651
0.065432
0.065499
0.065566
0.0656329
0.0656999
0.0657669
0.0658339
0.0659009
0.065968
0.066035
0.0661021
0.0661692
0.0662363
0.0663034
0.0663705
0.0664376
0.0665048
0.0665719
0.0666391
0.0667063
0.0667735
0.0668407
0.0669079
0.0669752
0.0670424
0.0671097
0.0671769
0.0672442
0.0673115
0.0673789
0.0674462
0.0675135
0.0675809
0.0676483
0.0677157
0.0677831
0.0678505
0.0679179
0.0679853
0.0680528
0.0681203
0.0681877
0.0682552
0.0683227
0.0683902
0.0684578
0.0685253
0.0685929
0.0686605
0.0687281
0.0687957
0.0688633
0.0689309
0.0689986
0.0690662
0.0691339
0.0692016
0.0692693
0.069337
0.0694048
0.0694725
0.0695403
0.0696081
0.0696759
0.0697437
0.0698115
0.0698794
0.0699472
0.0700151
0.070083
0.0701509
0.0702188
0.0702867
0.0703547
0.0704226
0.0704906
0.0705585
0.0706265
0.0706946
0.0707626
0.0708306
0.0708986
0.0709667
0.0710348
0.0711029
0.071171
0.0712391
0.0713072
0.0713754
0.0714435
0.0715117
0.0715799
0.0716481
0.0717163
0.0717845
0.0718528
0.071921
0.0719893
0.0720575
0.0721258
0.0721941
0.0722625
0.0723308
0.0723991
0.0724675
0.0725358
0.0726042
0.0726726
0.072741
0.0728094
0.0728779
0.0729463
0.0730148
0.0730832
0.0731517
0.0732202
0.0732887
0.0733572
0.0734257
0.0734943
0.0735628
0.0736314
0.0736999
0.0737685
0.0738371
0.0739057
0.0739743
0.074043
0.0741116
0.0741802
0.0742489
0.0743176
0.0743863
0.074455
0.0745237
0.0745924
0.0746611
0.0747299
0.0747986
0.0748674
0.0749362
0.0750049
0.0750737
0.0751425
0.0752113
0.0752802
0.075349
0.0754179
0.0754867
0.0755556
0.0756245
0.0756934
0.0757623
0.0758313
0.0759002
0.0759692
0.0760382
0.0761072
0.0761762
0.0762452
0.0763142
0.0763833
0.0764523
0.0765214
0.0765905
0.0766596
0.0767287
0.0767978
0.076867
0.0769361
0.0770053
0.0770745
0.0771437
0.0772129
0.0772821
0.0773513
0.0774205
0.0774898
0.0775591
0.0776283
0.0776976
0.0777669
0.0778362
0.0779056
0.0779749
0.0780443
0.0781137
0.0781831
0.0782525
0.0783219
0.0783913
0.0784608
0.0785302
0.0785997
0.0786692
0.0787387
0.0788082
0.0788778
0.0789473
0.0790169
0.0790864
0.079156
0.0792256
0.0792952
0.0793649
0.0794345
0.0795042
0.0795738
0.0796435
0.0797132
0.0797829
0.0798526
0.0799223
0.0799921
0.0800618
0.0801316
0.0802014
0.0802711
0.080341
0.0804108
0.0804806
0.0805505
0.0806203
0.0806902
0.0807601
0.08083
0.0808999
0.0809699
0.0810398
0.0811098
0.0811797
0.0812497
0.0813197
0.0813897
0.0814598
0.0815298
0.0815999
0.0816699
0.08174
0.0818101
0.0818802
0.0819504
0.0820205
0.0820907
0.0821608
0.082231
0.0823012
0.0823714
0.0824417
0.0825119
0.0825821
0.0826524
0.0827227
0.082793
0.0828633
0.0829336
0.0830039
0.0830742
0.0831446
0.083215
0.0832853
0.0833557
0.0834261
0.0834966
0.083567
0.0836374
0.0837079
0.0837783
0.0838488
0.0839193
0.0839898
0.0840603
0.0841309
0.0842014
0.0842719
0.0843425
0.0844131
0.0844837
0.0845543
0.0846249
0.0846955
0.0847662
0.0848368
0.0849075
0.0849782
0.0850489
0.0851196
0.0851904
0.0852611
0.0853319
0.0854027
0.0854735
0.0855443
0.0856151
0.085686
0.0857568
0.0858277
0.0858986
0.0859695
0.0860404
0.0861113
0.0861822
0.0862532
0.0863242
0.0863952
0.0864661
0.0865372
0.0866082
0.0866792
0.0867503
0.0868214
0.0868924
0.0869635
0.0870347
0.0871058
0.0871769
0.0872481
0.0873192
0.0873904
0.0874616
0.0875328
0.0876041
0.0876753
0.0877466
0.0878179
0.0878892
0.0879605
0.0880318
0.0881031
0.0881744
0.0882458
0.0883171
0.0883885
0.0884599
0.0885313
0.0886027
0.0886742
0.0887456
0.0888171
0.0888886
0.08896
0.0890315
0.0891031
0.0891746
0.0892461
0.0893177
0.0893893
0.0894608
0.0895324
0.0896041
0.0896757
0.0897473
0.089819
0.0898907
0.0899623
0.090034
0.0901057
0.0901775
0.0902492
0.0903209
0.0903927
0.0904645
0.0905362
0.090608
0.0906798
0.0907517
0.0908235
0.0908954
0.0909672
0.0910391
0.091111
0.0911829
0.0912548
0.0913267
0.0913986
0.0914706
0.0915425
0.0916145
0.0916865
0.0917585
0.0918305
0.0919025
0.0919745
0.0920466
0.0921187
0.0921907
0.0922628
0.0923349
0.092407
0.0924791
0.0925513
0.0926234
0.0926956
0.0927677
0.0928399
0.0929121
0.0929843
0.0930565
0.0931287
0.093201
0.0932732
0.0933455
0.0934177
0.09349
0.0935623
0.0936346
0.0937069
0.0937792
0.0938516
0.0939239
0.0939963
0.0940687
0.0941411
0.0942135
0.0942859
0.0943583
0.0944307
0.0945031
0.0945756
0.094648
0.0947205
0.094793
0.0948655
0.094938
0.0950105
0.095083
0.0951556
0.0952281
0.0953007
0.0953732
0.0954458
0.0955184
0.095591
0.0956636
0.0957362
0.0958089
0.0958815
0.0959541
0.0960268
0.0960995
0.0961721
0.0962448
0.0963175
0.0963902
0.0964629
0.0965357
0.0966084
0.0966812
0.0967539
0.0968267
0.0968995
0.0969723
0.0970451
0.0971179
0.0971908
0.0972636
0.0973365
0.0974094
0.0974823
0.0975552
0.0976281
0.097701
0.0977739
0.0978469
0.0979199
0.0979929
0.0980658
0.0981389
0.0982119
0.0982849
0.098358
0.098431
0.0985041
0.0985772
0.0986503
0.0987234
0.0987966
0.0988697
0.0989429
0.099016
0.0990892
0.0991624
0.0992356
0.0993089
0.0993821
0.0994554
0.0995286
0.0996019
0.0996752
0.0997485
0.0998218
0.0998952
0.0999685
0.100042
0.100115
0.100189
0.100262
0.100335
0.100409
0.100482
0.100556
0.100629
0.100703
0.100776
0.10085
0.100923
0.100997
0.10107
0.101144
0.101217
0.101291
0.101365
0.101438
0.101512
0.101585
0.101659
0.101733
0.101806
0.10188
0.101954
0.102027
0.102101
0.102175
0.102248
0.102322
0.102396
0.10247
0.102543
0.102617
0.102691
0.102765
0.102839
0.102913
0.102986
0.10306
0.103134
0.103208
0.103282
0.103356
0.10343
0.103504
0.103578
0.103652
0.103726
0.103799
0.103873
0.103947
0.104022
0.104096
0.10417
0.104244
0.104318
0.104392
0.104466
0.10454
0.104614
0.104688
0.104763
0.104837
0.104911
0.104985
0.105059
0.105134
0.105208
0.105282
0.105356
0.105431
0.105505
0.105579
0.105654
0.105728
0.105802
0.105877
0.105951
0.106025
0.1061
0.106174
0.106249
0.106323
0.106397
0.106472
0.106546
0.106621
0.106695
0.10677
0.106844
0.106919
0.106994
0.107068
0.107143
0.107217
0.107292
0.107367
0.107441
0.107516
0.10759
0.107665
0.10774
0.107814
0.107889
0.107964
0.108039
0.108113
0.108188
0.108263
0.108338
0.108412
0.108487
0.108562
0.108637
0.108712
0.108787
0.108861
0.108936
0.109011
0.109086
0.109161
0.109236
0.109311
0.109386
0.109461
0.109536
0.109611
0.109686
0.109761
0.109836
0.109911
0.109986
0.110061
0.110136
0.110211
0.110286
0.110361
0.110437
0.110512
0.110587
0.110662
0.110737
0.110812
0.110888
0.110963
0.111038
0.111113
0.111189
0.111264
0.111339
0.111414
0.11149
0.111565
0.11164
0.111716
0.111791
0.111866
0.111942
0.112017
0.112093
0.112168
0.112243
0.112319
0.112394
0.11247
0.112545
0.112621
0.112696
0.112772
0.112847
0.112923
0.112999
0.113074
0.11315
0.113225
0.113301
0.113377
0.113452
0.113528
0.113604
0.113679
0.113755
0.113831
0.113906
0.113982
0.114058
0.114134
0.114209
0.114285
0.114361
0.114437
0.114512
0.114588
0.114664
0.11474
0.114816
0.114892
0.114968
0.115044
0.115119
0.115195
0.115271
0.115347
0.115423
0.115499
0.115575
0.115651
0.115727
0.115803
0.115879
0.115955
0.116031
0.116107
0.116183
0.116259
0.116336
0.116412
0.116488
0.116564
0.11664
0.116716
0.116792
0.116869
0.116945
0.117021
0.117097
0.117173
0.11725
0.117326
0.117402
0.117478
0.117555
0.117631
0.117707
0.117783
0.11786
0.117936
0.118012
0.118089
0.118165
0.118241
0.118318
0.118394
0.118471
0.118547
0.118623
0.1187
0.118776
0.118853
0.118929
0.119006
0.119082
0.119159
0.119235
0.119312
0.119388
0.119465
0.119542
0.119618
0.119695
0.119771
0.119848
0.119925
0.120001
0.120078
0.120155
0.120232
0.120308
0.120385
0.120462
0.120539
0.120615
0.120692
0.120769
0.120846
0.120923
0.121
0.121077
0.121154
0.121231
0.121308
0.121384
0.121461
0.121539
0.121616
0.121693
0.12177
0.121847
0.121924
0.122001
0.122078
0.122155
0.122232
0.12231
0.122387
0.122464
0.122541
0.122618
0.122696
0.122773
0.12285
0.122927
0.123005
0.123082
0.123159
0.123237
0.123314
0.123392
0.123469
0.123546
0.123624
0.123701
0.123779
0.123856
0.123934
0.124011
0.124089
0.124166
0.124244
0.124321
0.124399
0.124476
0.124554
0.124632
0.124709
0.124787
0.124864
0.124942
0.12502
0.125097
0.125175
0.125253
0.125331
0.125408
0.125486
0.125564
0.125642
0.12572
0.125797
0.125875
0.125953
0.126031
0.126109
0.126187
0.126265
0.126343
0.126421
0.126499
0.126577
0.126655
0.126733
0.126811
0.126889
0.126967
0.127045
0.127123
0.127201
0.127279
0.127357
0.127435
0.127514
0.127592
0.12767
0.127748
0.127826
0.127905
0.127983
0.128061
0.128139
0.128218
0.128296
0.128374
0.128453
0.128531
0.128609
0.128688
0.128766
0.128844
0.128923
0.129001
0.12908
0.129158
0.129237
0.129315
0.129394
0.129472
0.129551
0.129629
0.129708
0.129786
0.129865
0.129944
0.130022
0.130101
0.130179
0.130258
0.130337
0.130415
0.130494
0.130573
0.130651
0.13073
0.130809
0.130888
0.130966
0.131045
0.131124
0.131203
0.131282
0.131361
0.131439
0.131518
0.131597
0.131676
0.131755
0.131834
0.131913
0.131992
0.132071
0.13215
0.132229
0.132308
0.132387
0.132466
0.132545
0.132624
0.132703
0.132782
0.132861
0.13294
0.133019
0.133098
0.133177
0.133256
0.133336
0.133415
0.133494
0.133573
0.133652
0.133732
0.133811
0.13389
0.133969
0.134049
0.134128
0.134207
0.134286
0.134366
0.134445
0.134524
0.134604
0.134683
0.134762
0.134842
0.134921
0.135001
0.13508
0.135159
0.135239
0.135318
0.135398
0.135477
0.135557
0.135636
0.135716
0.135795
0.135875
0.135954
0.136034
0.136114
0.136193
0.136273
0.136352
0.136432
0.136512
0.136591
0.136671
0.13675
0.13683
0.13691
0.13699
0.137069
0.137149
0.137229
0.137308
0.137388
0.137468
0.137548
0.137627
0.137707
0.137787
0.137867
0.137947
0.138026
0.138106
0.138186
0.138266
0.138346
0.138426
0.138506
0.138586
0.138665
0.138745
0.138825
0.138905
0.138985
0.139065
0.139145
0.139225
0.139305
0.139385
0.139465
0.139545
0.139625
0.139705
0.139785
0.139865
0.139945
0.140026
0.140106
0.140186
0.140266
0.140346
0.140426
0.140506
0.140586
0.140666
0.140747
0.140827
0.140907
0.140987
0.141067
0.141148
0.141228
0.141308
0.141388
0.141469
0.141549
0.141629
0.141709
0.14179
0.14187
0.14195
0.142031
0.142111
0.142191
0.142272
0.142352
0.142432
0.142513
0.142593
0.142673
0.142754
0.142834
0.142915
0.142995
0.143076
0.143156
0.143237
0.143317
0.143397
0.143478
0.143558
0.143639
0.143719
0.1438
0.143881
0.143961
0.144042
0.144122
0.144203
0.144283
0.144364
0.144445
0.144525
0.144606
0.144686
0.144767
0.144848
0.144928
0.145009
0.14509
0.14517
0.145251
0.145332
0.145412
0.145493
0.145574
0.145655
0.145735
0.145816
0.145897
0.145978
0.146058
0.146139
0.14622
0.146301
0.146381
0.146462
0.146543
0.146624
0.146705
0.146786
0.146866
0.146947
0.147028
0.147109
0.14719
0.147271
0.147352
0.147433
0.147514
0.147595
0.147675
0.147756
0.147837
0.147918
0.147999
0.14808
0.148161
0.148242
0.148323
0.148404
0.148485
0.148566
0.148647
0.148728
0.148809
0.14889
0.148971
0.149052
0.149133
0.149214
0.149296
0.149377
0.149458
0.149539
0.14962
0.149701
0.149782
0.149863
0.149944
0.150025
0.150107
0.150188
0.150269
0.15035
0.150431
0.150512
0.150594
0.150675
0.150756
0.150837
0.150918
0.151
0.151081
0.151162
0.151243
0.151324
0.151406
0.151487
0.151568
0.151649
0.151731
0.151812
0.151893
0.151974
0.152056
0.152137
0.152218
0.1523
0.152381
0.152462
0.152544
0.152625
0.152706
0.152787
0.152869
0.15295
0.153031
0.153113
0.153194
0.153276
0.153357
0.153438
0.15352
0.153601
0.153682
0.153764
0.153845
0.153927
0.154008
0.154089
0.154171
0.154252
0.154334
0.154415
0.154496
0.154578
0.154659
0.154741
0.154822
0.154904
0.154985
0.155067
0.155148
0.155229
0.155311
0.155392
0.155474
0.155555
0.155637
0.155718
0.1558
0.155881
0.155963
0.156044
0.156126
0.156207
0.156289
0.15637
0.156452
0.156533
0.156615
0.156696
0.156778
0.156859
0.156941
0.157022
0.157104
0.157186
0.157267
0.157349
0.15743
0.157512
0.157593
0.157675
0.157756
0.157838
0.157919
0.158001
0.158083
0.158164
0.158246
0.158327
0.158409
0.158491
0.158572
0.158654
0.158736
0.158817
0.158899
0.15898
0.159062
0.159144
0.159225
0.159307
0.159389
0.15947
0.159552
0.159634
0.159715
0.159797
0.159879
0.15996
0.160042
0.160124
0.160206
0.160287
0.160369
0.160451
0.160533
0.160614
0.160696
0.160778
0.16086
0.160941
0.161023
0.161105
0.161187
0.161269
0.16135
0.161432
0.161514
0.161596
0.161678
0.16176
0.161842
0.161923
0.162005
0.162087
0.162169
0.162251
0.162333
0.162415
0.162497
0.162579
0.162661
0.162743
0.162824
0.162906
0.162988
0.16307
0.163153
0.163235
0.163317
0.163399
0.163481
0.163563
0.163645
0.163727
0.163809
0.163891
0.163973
0.164055
0.164137
0.164219
0.164301
0.164384
0.164466
0.164548
0.16463
0.164712
0.164795
0.164877
0.164959
0.165041
0.165123
0.165206
0.165288
0.16537
0.165452
0.165535
0.165617
0.165699
0.165782
0.165864
0.165946
0.166029
0.166111
0.166193
0.166276
0.166358
0.16644
0.166523
0.166605
0.166688
0.16677
0.166853
0.166935
0.167018
0.1671
0.167182
0.167265
0.167347
0.16743
0.167512
0.167595
0.167678
0.16776
0.167843
0.167925
0.168008
0.16809
0.168173
0.168256
0.168338
0.168421
0.168504
0.168586
0.168669
0.168752
0.168834
0.168917
0.169
0.169082
0.169165
0.169248
0.16933
0.169413
0.169496
0.169579
0.169662
0.169744
0.169827
0.16991
0.169993
0.170076
0.170158
0.170241
0.170324
0.170407
0.17049
0.170573
0.170656
0.170738
0.170821
0.170904
0.170987
0.17107
0.171153
0.171236
0.171319
0.171402
0.171485
0.171568
0.171651
0.171734
0.171817
0.1719
0.171983
0.172066
0.172149
0.172232
0.172315
0.172398
0.172481
0.172564
0.172647
0.172731
0.172814
0.172897
0.17298
0.173063
0.173146
0.173229
0.173312
0.173396
0.173479
0.173562
0.173645
0.173728
0.173812
0.173895
0.173978
0.174061
0.174144
0.174228
0.174311
0.174394
0.174477
0.174561
0.174644
0.174727
0.174811
0.174894
0.174977
0.175061
0.175144
0.175227
0.175311
0.175394
0.175477
0.175561
0.175644
0.175727
0.175811
0.175894
0.175978
0.176061
0.176144
0.176228
0.176311
0.176395
0.176478
0.176562
0.176645
0.176728
0.176812
0.176895
0.176979
0.177062
0.177146
0.177229
0.177313
0.177396
0.17748
0.177563
0.177647
0.177731
0.177814
0.177898
0.177981
0.178065
0.178148
0.178232
0.178316
0.178399
0.178483
0.178566
0.17865
0.178734
0.178817
0.178901
0.178984
0.179068
0.179152
0.179235
0.179319
0.179403
0.179486
0.17957
0.179654
0.179737
0.179821
0.179905
0.179989
0.180072
0.180156
0.18024
0.180323
0.180407
0.180491
0.180575
0.180658
0.180742
0.180826
0.18091
0.180993
0.181077
0.181161
0.181245
0.181329
0.181412
0.181496
0.18158
0.181664
0.181748
0.181831
0.181915
0.181999
0.182083
0.182167
0.182251
0.182335
0.182418
0.182502
0.182586
0.18267
0.182754
0.182838
0.182922
0.183006
0.18309
0.183173
0.183257
0.183341
0.183425
0.183509
0.183593
0.183677
0.183761
0.183845
0.183929
0.184013
0.184097
0.184181
0.184265
0.184349
0.184433
0.184517
0.184601
0.184685
0.184769
0.184853
0.184937
0.185021
0.185105
0.185189
0.185273
0.185357
0.185441
0.185525
0.185609
0.185694
0.185778
0.185862
0.185946
0.18603
0.186114
0.186198
0.186282
0.186366
0.186451
0.186535
0.186619
0.186703
0.186787
0.186871
0.186956
0.18704
0.187124
0.187208
0.187292
0.187376
0.187461
0.187545
0.187629
0.187713
0.187798
0.187882
0.187966
0.18805
0.188135
0.188219
0.188303
0.188388
0.188472
0.188556
0.18864
0.188725
0.188809
0.188893
0.188978
0.189062
0.189146
0.189231
0.189315
0.189399
0.189484
0.189568
0.189652
0.189737
0.189821
0.189906
0.18999
0.190075
0.190159
0.190243
0.190328
0.190412
0.190497
0.190581
0.190666
0.19075
0.190835
0.19092
0.191004
0.191089
0.191173
0.191258
0.191342
0.191427
0.191511
0.191596
0.19168
0.191765
0.19185
0.191934
0.192019
0.192104
0.192188
0.192273
0.192358
0.192442
0.192527
0.192612
0.192696
0.192781
0.192866
0.19295
0.193035
0.19312
0.193205
0.193289
0.193374
0.193459
0.193544
0.193628
0.193713
0.193798
0.193882
0.193967
0.194052
0.194137
0.194222
0.194306
0.194391
0.194476
0.194561
0.194646
0.194731
0.194816
0.194901
0.194985
0.19507
0.195155
0.19524
0.195325
0.19541
0.195495
0.19558
0.195665
0.19575
0.195835
0.19592
0.196005
0.19609
0.196175
0.196259
0.196344
0.196429
0.196514
0.196599
0.196684
0.196769
0.196854
0.19694
0.197025
0.19711
0.197195
0.19728
0.197365
0.19745
0.197535
0.19762
0.197705
0.19779
0.197875
0.19796
0.198046
0.198131
0.198216
0.198301
0.198386
0.198471
0.198556
0.198642
0.198727
0.198812
0.198897
0.198982
0.199068
0.199153
0.199238
0.199323
0.199409
0.199494
0.199579
0.199664
0.19975
0.199835
0.19992
0.200006
0.200091
0.200176
0.200262
0.200347
0.200432
0.200517
0.200603
0.200688
0.200774
0.200859
0.200944
0.20103
0.201115
0.2012
0.201286
0.201371
0.201457
0.201542
0.201627
0.201713
0.201798
0.201884
0.201969
0.202055
0.20214
0.202226
0.202311
0.202396
0.202482
0.202567
0.202653
0.202738
0.202824
0.202909
0.202995
0.20308
0.203166
0.203252
0.203337
0.203423
0.203508
0.203594
0.203679
0.203765
0.20385
0.203936
0.204022
0.204107
0.204193
0.204278
0.204364
0.20445
0.204535
0.204621
0.204707
0.204792
0.204878
0.204964
0.205049
0.205135
0.205221
0.205306
0.205392
0.205478
0.205563
0.205649
0.205735
0.205821
0.205906
0.205992
0.206078
0.206163
0.206249
0.206335
0.206421
0.206507
0.206592
0.206678
0.206764
0.20685
0.206935
0.207021
0.207107
0.207193
0.207279
0.207364
0.20745
0.207536
0.207622
0.207708
0.207793
0.207879
0.207965
0.208051
0.208137
0.208223
0.208309
0.208394
0.20848
0.208566
0.208652
0.208738
0.208824
0.20891
0.208996
0.209082
0.209167
0.209253
0.209339
0.209425
0.209511
0.209597
0.209683
0.209769
0.209855
0.209941
0.210027
0.210113
0.210198
0.210284
0.21037
0.210456
0.210542
0.210628
0.210714
0.2108
0.210886
0.210972
0.211058
0.211144
0.21123
0.211316
0.211402
0.211488
0.211574
0.21166
0.211746
0.211832
0.211918
0.212004
0.21209
0.212176
0.212262
0.212349
0.212435
0.212521
0.212607
0.212693
0.212779
0.212865
0.212951
0.213037
0.213123
0.213209
0.213295
0.213381
0.213467
0.213553
0.21364
0.213726
0.213812
0.213898
0.213984
0.21407
0.214156
0.214242
0.214328
0.214414
0.214501
0.214587
0.214673
0.214759
0.214845
0.214931
0.215017
0.215104
0.21519
0.215276
0.215362
0.215448
0.215534
0.215621
0.215707
0.215793
0.215879
0.215965
0.216051
0.216138
0.216224
0.21631
0.216396
0.216482
0.216569
0.216655
0.216741
0.216827
0.216913
0.217
0.217086
0.217172
0.217258
0.217345
0.217431
0.217517
0.217603
0.217689
0.217776
0.217862
0.217948
0.218034
0.218121
0.218207
0.218293
0.218379
0.218466
0.218552
0.218638
0.218724
0.218811
0.218897
0.218983
0.21907
0.219156
0.219242
0.219328
0.219415
0.219501
0.219587
0.219674
0.21976
0.219846
0.219933
0.220019
0.220105
0.220191
0.220278
0.220364
0.22045
0.220537
0.220623
0.220709
0.220796
0.220882
0.220968
0.221055
0.221141
0.221227
0.221314
0.2214
0.221486
0.221573
0.221659
0.221745
0.221832
0.221918
0.222005
0.222091
0.222177
0.222264
0.22235
0.222437
0.222523
0.222609
0.222696
0.222782
0.222869
0.222955
0.223041
0.223128
0.223214
0.223301
0.223387
0.223473
0.22356
0.223646
0.223733
0.223819
0.223906
0.223992
0.224078
0.224165
0.224251
0.224338
0.224424
0.224511
0.224597
0.224683
0.22477
0.224856
0.224943
0.225029
0.225116
0.225202
0.225289
0.225375
0.225462
0.225548
0.225635
0.225721
0.225808
0.225894
0.225981
0.226068
0.226154
0.226241
0.226327
0.226414
0.2265
0.226587
0.226673
0.22676
0.226846
0.226933
0.227019
0.227106
0.227192
0.227279
0.227365
0.227452
0.227539
0.227625
0.227712
0.227798
0.227885
0.227971
0.228058
0.228145
0.228231
0.228318
0.228405
0.228491
0.228578
0.228664
0.228751
0.228838
0.228924
0.229011
0.229098
0.229184
0.229271
0.229358
0.229444
0.229531
0.229618
0.229704
0.229791
0.229877
0.229964
0.230051
0.230137
0.230224
0.230311
0.230397
0.230484
0.230571
0.230657
0.230744
0.230831
0.230917
0.231004
0.231091
0.231178
0.231264
0.231351
0.231438
0.231525
0.231611
0.231698
0.231785
0.231872
0.231958
0.232045
0.232132
0.232219
0.232305
0.232392
0.232479
0.232566
0.232653
0.232739
0.232826
0.232913
0.233
0.233086
0.233173
0.23326
0.233347
0.233433
0.23352
0.233607
0.233694
0.233781
0.233867
0.233954
0.234041
0.234128
0.234215
0.234301
0.234388
0.234475
0.234562
0.234649
0.234736
0.234823
0.234909
0.234996
0.235083
0.23517
0.235257
0.235344
0.235431
0.235518
0.235605
0.235691
0.235778
0.235865
0.235952
0.236039
0.236126
0.236213
0.2363
0.236386
0.236473
0.23656
0.236647
0.236734
0.236821
0.236908
0.236995
0.237081
0.237168
0.237255
0.237342
0.237429
0.237516
0.237603
0.23769
0.237777
0.237864
0.237951
0.238038
0.238125
0.238212
0.238299
0.238386
0.238473
0.23856
0.238647
0.238734
0.238821
0.238908
0.238995
0.239082
0.239169
0.239256
0.239343
0.23943
0.239517
0.239604
0.239691
0.239778
0.239865
0.239952
0.240039
0.240126
0.240213
0.2403
0.240387
0.240474
0.240561
0.240648
0.240735
0.240822
0.240909
0.240996
0.241083
0.241171
0.241258
0.241345
0.241432
0.241519
0.241606
0.241693
0.24178
0.241867
0.241954
0.242041
0.242129
0.242216
0.242303
0.24239
0.242477
0.242564
0.242651
0.242739
0.242826
0.242913
0.243
0.243087
0.243174
0.243261
0.243348
0.243436
0.243523
0.24361
0.243697
0.243784
0.243871
0.243958
0.244046
0.244133
0.24422
0.244307
0.244394
0.244481
0.244569
0.244656
0.244743
0.24483
0.244917
0.245005
0.245092
0.245179
0.245266
0.245353
0.245441
0.245528
0.245615
0.245702
0.245789
0.245877
0.245964
0.246051
0.246138
0.246226
0.246313
0.2464
0.246487
0.246575
0.246662
0.246749
0.246836
0.246924
0.247011
0.247098
0.247185
0.247273
0.24736
0.247447
0.247535
0.247622
0.247709
0.247796
0.247884
0.247971
0.248058
0.248146
0.248233
0.24832
0.248408
0.248495
0.248582
0.248669
0.248757
0.248844
0.248931
0.249019
0.249106
0.249193
0.249281
0.249368
0.249455
0.249543
0.24963
0.249717
0.249805
0.249892
0.24998
0.250067
0.250154
0.250242
0.250329
0.250416
0.250504
0.250591
0.250679
0.250766
0.250853
0.250941
0.251028
0.251115
0.251203
0.25129
0.251378
0.251465
0.251552
0.25164
0.251727
0.251815
0.251902
0.251989
0.252077
0.252164
0.252252
0.252339
0.252427
0.252514
0.252601
0.252689
0.252776
0.252864
0.252951
0.253039
0.253126
0.253213
0.253301
0.253388
0.253476
0.253563
0.253651
0.253738
0.253826
0.253913
0.254
0.254088
0.254175
0.254263
0.25435
0.254438
0.254525
0.254613
0.2547
0.254788
0.254875
0.254963
0.25505
0.255138
0.255225
0.255312
0.2554
0.255487
0.255575
0.255662
0.25575
0.255837
0.255925
0.256012
0.2561
0.256187
0.256275
0.256362
0.25645
0.256537
0.256625
0.256712
0.2568
0.256887
0.256975
0.257062
0.25715
0.257237
0.257325
0.257412
0.2575
0.257587
0.257675
0.257762
0.25785
0.257937
0.258025
0.258112
0.2582
0.258287
0.258375
0.258462
0.25855
0.258638
0.258725
0.258813
0.2589
0.258988
0.259075
0.259163
0.25925
0.259338
0.259425
0.259513
0.2596
0.259688
0.259775
0.259863
0.25995
0.260038
0.260125
0.260213
0.2603
0.260388
0.260475
0.260563
0.260651
0.260738
0.260826
0.260913
0.261001
0.261088
0.261176
0.261263
0.261351
0.261438
0.261526
0.261613
0.261701
0.261788
0.261876
0.261963
0.262051
0.262138
0.262226
0.262314
0.262401
0.262489
0.262576
0.262664
0.262751
0.262839
0.262926
0.263014
0.263101
0.263189
0.263276
0.263364
0.263451
0.263539
0.263626
0.263714
0.263801
0.263889
0.263976
0.264064
0.264151
0.264239
0.264326
0.264414
0.264501
0.264589
0.264676
0.264764
0.264851
0.264939
0.265026
0.265114
0.265201
0.265289
0.265376
0.265464
0.265551
0.265639
0.265726
0.265814
0.265901
0.265989
0.266076
0.266164
0.266251
0.266339
0.266426
0.266514
0.266601
0.266689
0.266776
0.266864
0.266951
0.267039
0.267126
0.267214
0.267301
0.267389
0.267476
0.267564
0.267651
0.267739
0.267826
0.267914
0.268001
0.268089
0.268176
0.268263
0.268351
0.268438
0.268526
0.268613
0.268701
0.268788
0.268876
0.268963
0.26905
0.269138
0.269225
0.269313
0.2694
0.269488
0.269575
0.269662
0.26975
0.269837
0.269925
0.270012
0.2701
0.270187
0.270274
0.270362
0.270449
0.270537
0.270624
0.270712
0.270799
0.270886
0.270974
0.271061
0.271149
0.271236
0.271323
0.271411
0.271498
0.271585
0.271673
0.27176
0.271848
0.271935
0.272022
0.27211
0.272197
0.272284
0.272372
0.272459
0.272546
0.272634
0.272721
0.272808
0.272896
0.272983
0.27307
0.273158
0.273245
0.273332
0.27342
0.273507
0.273594
0.273682
0.273769
0.273856
0.273944
0.274031
0.274118
0.274206
0.274293
0.27438
0.274467
0.274555
0.274642
0.274729
0.274817
0.274904
0.274991
0.275078
0.275166
0.275253
0.27534
0.275427
0.275515
0.275602
0.275689
0.275776
0.275864
0.275951
0.276038
0.276125
0.276212
0.2763
0.276387
0.276474
0.276561
0.276648
0.276736
0.276823
0.27691
0.276997
0.277084
0.277172
0.277259
0.277346
0.277433
0.27752
0.277607
0.277694
0.277782
0.277869
0.277956
0.278043
0.27813
0.278217
0.278304
0.278392
0.278479
0.278566
0.278653
0.27874
0.278827
0.278914
0.279001
0.279088
0.279175
0.279263
0.27935
0.279437
0.279524
0.279611
0.279698
0.279785
0.279872
0.279959
0.280046
0.280133
0.28022
0.280307
0.280394
0.280481
0.280568
0.280655
0.280742
0.280829
0.280916
0.281003
0.28109
0.281177
0.281264
0.281351
0.281438
0.281525
0.281612
0.281699
0.281786
0.281873
0.28196
0.282047
0.282134
0.28222
0.282307
0.282394
0.282481
0.282568
0.282655
0.282742
0.282829
0.282916
0.283002
0.283089
0.283176
0.283263
0.28335
0.283437
0.283524
0.28361
0.283697
0.283784
0.283871
0.283958
0.284044
0.284131
0.284218
0.284305
0.284392
0.284478
0.284565
0.284652
0.284739
0.284825
0.284912
0.284999
0.285086
0.285172
0.285259
0.285346
0.285433
0.285519
0.285606
0.285693
0.285779
0.285866
0.285953
0.286039
0.286126
0.286213
0.286299
0.286386
0.286473
0.286559
0.286646
0.286733
0.286819
0.286906
0.286992
0.287079
0.287166
0.287252
0.287339
0.287425
0.287512
0.287598
0.287685
0.287771
0.287858
0.287945
0.288031
0.288118
0.288204
0.288291
0.288377
0.288464
0.28855
0.288637
0.288723
0.288809
0.288896
0.288982
0.289069
0.289155
0.289242
0.289328
0.289415
0.289501
0.289587
0.289674
0.28976
0.289846
0.289933
0.290019
0.290106
0.290192
0.290278
0.290365
0.290451
0.290537
0.290624
0.29071
0.290796
0.290882
0.290969
0.291055
0.291141
0.291228
0.291314
0.2914
0.291486
0.291573
0.291659
0.291745
0.291831
0.291917
0.292004
0.29209
0.292176
0.292262
0.292348
0.292434
0.292521
0.292607
0.292693
0.292779
0.292865
0.292951
0.293037
0.293124
0.29321
0.293296
0.293382
0.293468
0.293554
0.29364
0.293726
0.293812
0.293898
0.293984
0.29407
0.294156
0.294242
0.294328
0.294414
0.2945
0.294586
0.294672
0.294758
0.294844
0.29493
0.295016
0.295102
0.295188
0.295273
0.295359
0.295445
0.295531
0.295617
0.295703
0.295789
0.295874
0.29596
0.296046
0.296132
0.296218
0.296304
0.29639
0.296476
0.296562
0.296648
0.296734
0.29682
0.296906
0.296992
0.297078
0.297164
0.29725
0.297336
0.297422
0.297508
0.297594
0.29768
0.297767
0.297853
0.297939
0.298025
0.298111
0.298197
0.298284
0.29837
0.298456
0.298542
0.298628
0.298715
0.298801
0.298887
0.298974
0.29906
0.299146
0.299233
0.299319
0.299405
0.299492
0.299578
0.299664
0.299751
0.299837
0.299924
0.30001
0.300097
0.300183
0.300269
0.300356
0.300442
0.300529
0.300616
0.300702
0.300789
0.300875
0.300962
0.301048
0.301135
0.301222
0.301308
0.301395
0.301481
0.301568
0.301655
0.301741
0.301828
0.301915
0.302002
0.302088
0.302175
0.302262
0.302349
0.302435
0.302522
0.302609
0.302696
0.302782
0.302869
0.302956
0.303043
0.30313
0.303217
0.303304
0.303391
0.303477
0.303564
0.303651
0.303738
0.303825
0.303912
0.303999
0.304086
0.304173
0.30426
0.304347
0.304434
0.304521
0.304608
0.304695
0.304783
0.30487
0.304957
0.305044
0.305131
0.305218
0.305305
0.305392
0.30548
0.305567
0.305654
0.305741
0.305828
0.305916
0.306003
0.30609
0.306177
0.306265
0.306352
0.306439
0.306527
0.306614
0.306701
0.306789
0.306876
0.306963
0.307051
0.307138
0.307225
0.307313
0.3074
0.307488
0.307575
0.307663
0.30775
0.307838
0.307925
0.308013
0.3081
0.308188
0.308275
0.308363
0.30845
0.308538
0.308626
0.308713
0.308801
0.308888
0.308976
0.309064
0.309151
0.309239
0.309327
0.309414
0.309502
0.30959
0.309677
0.309765
0.309853
0.309941
0.310028
0.310116
0.310204
0.310292
0.31038
0.310468
0.310555
0.310643
0.310731
0.310819
0.310907
0.310995
0.311083
0.311171
0.311258
0.311346
0.311434
0.311522
0.31161
0.311698
0.311786
0.311874
0.311962
0.31205
0.312138
0.312226
0.312314
0.312403
0.312491
0.312579
0.312667
0.312755
0.312843
0.312931
0.313019
0.313107
0.313196
0.313284
0.313372
0.31346
0.313548
0.313637
0.313725
0.313813
0.313901
0.31399
0.314078
0.314166
0.314254
0.314343
0.314431
0.314519
0.314608
0.314696
0.314784
0.314873
0.314961
0.31505
0.315138
0.315226
0.315315
0.315403
0.315492
0.31558
0.315669
0.315757
0.315846
0.315934
0.316023
0.316111
0.3162
0.316288
0.316377
0.316465
0.316554
0.316642
0.316731
0.31682
0.316908
0.316997
0.317086
0.317174
0.317263
0.317352
0.31744
0.317529
0.317618
0.317706
0.317795
0.317884
0.317973
0.318061
0.31815
0.318239
0.318328
0.318416
0.318505
0.318594
0.318683
0.318772
0.318861
0.31895
0.319038
0.319127
0.319216
0.319305
0.319394
0.319483
0.319572
0.319661
0.31975
0.319839
0.319928
0.320017
0.320106
0.320195
0.320284
0.320373
0.320462
0.320551
0.32064
0.320729
0.320818
0.320907
0.320996
0.321085
0.321175
0.321264
0.321353
0.321442
0.321531
0.32162
0.32171
0.321799
0.321888
0.321977
0.322066
0.322156
0.322245
0.322334
0.322423
0.322513
0.322602
0.322691
0.322781
0.32287
0.322959
0.323049
0.323138
0.323227
0.323317
0.323406
0.323496
0.323585
0.323674
0.323764
0.323853
0.323943
0.324032
0.324122
0.324211
0.324301
0.32439
0.32448
0.324569
0.324659
0.324748
0.324838
0.324927
0.325017
0.325106
0.325196
0.325286
0.325375
0.325465
0.325555
0.325644
0.325734
0.325823
0.325913
0.326003
0.326093
0.326182
0.326272
0.326362
0.326452
0.326541
0.326631
0.326721
0.326811
0.3269
0.32699
0.32708
0.32717
0.32726
0.327349
0.327439
0.327529
0.327619
0.327709
0.327799
0.327889
0.327978
0.328068
0.328158
0.328248
0.328338
0.328428
0.328518
0.328608
0.328698
0.328788
0.328878
0.328968
0.329058
0.329148
0.329238
0.329328
0.329418
0.329508
0.329598
0.329689
0.329779
0.329869
0.329959
0.330049
0.330139
0.330229
0.33032
0.33041
0.3305
0.33059
0.33068
0.330771
0.330861
0.330951
0.331041
0.331131
0.331222
0.331312
0.331402
0.331493
0.331583
0.331673
0.331764
0.331854
0.331944
0.332035
0.332125
0.332215
0.332306
0.332396
0.332486
0.332577
0.332667
0.332758
0.332848
0.332939
0.333029
0.33312
0.33321
0.333301
0.333391
0.333482
0.333572
0.333663
0.333753
0.333844
0.333934
0.334025
0.334115
0.334206
0.334297
0.334387
0.334478
0.334568
0.334659
0.33475
0.33484
0.334931
0.335022
0.335112
0.335203
0.335294
0.335384
0.335475
0.335566
0.335657
0.335747
0.335838
0.335929
0.33602
0.336111
0.336201
0.336292
0.336383
0.336474
0.336565
0.336655
0.336746
0.336837
0.336928
0.337019
0.33711
0.337201
0.337291
0.337382
0.337473
0.337564
0.337655
0.337746
0.337837
0.337928
0.338019
0.33811
0.338201
0.338292
0.338383
0.338474
0.338565
0.338656
0.338747
0.338838
0.33893
0.339021
0.339112
0.339203
0.339294
0.339385
0.339476
0.339567
0.339658
0.33975
0.339841
0.339932
0.340023
0.340114
0.340206
0.340297
0.340388
0.340479
0.340571
0.340662
0.340753
0.340845
0.340936
0.341027
0.341118
0.34121
0.341301
0.341392
0.341484
0.341575
0.341666
0.341758
0.341849
0.341941
0.342032
0.342123
0.342215
0.342306
0.342398
0.342489
0.34258
0.342672
0.342763
0.342855
0.342946
0.343038
0.343129
0.343221
0.343312
0.343404
0.343496
0.343587
0.343679
0.34377
0.343862
0.343953
0.344045
0.344137
0.344228
0.34432
0.344411
0.344503
0.344595
0.344686
0.344778
0.34487
0.344961
0.345053
0.345145
0.345237
0.345328
0.34542
0.345512
0.345603
0.345695
0.345787
0.345879
0.34597
0.346062
0.346154
0.346246
0.346338
0.34643
0.346522
0.346613
0.346705
0.346797
0.346889
0.346981
0.347073
0.347165
0.347256
0.347348
0.34744
0.347532
0.347624
0.347716
0.347808
0.3479
0.347992
0.348084
0.348176
0.348268
0.34836
0.348452
0.348544
0.348636
0.348728
0.34882
0.348912
0.349005
0.349097
0.349189
0.349281
0.349373
0.349465
0.349557
0.349649
0.349742
0.349834
0.349926
0.350018
0.35011
0.350202
0.350295
0.350387
0.350479
0.350571
0.350664
0.350756
0.350848
0.35094
0.351033
0.351125
0.351217
0.351309
0.351402
0.351494
0.351586
0.351679
0.351771
0.351863
0.351956
0.352048
0.352141
0.352233
0.352325
0.352418
0.35251
0.352603
0.352695
0.352788
0.35288
0.352972
0.353065
0.353157
0.35325
0.353342
0.353435
0.353527
0.35362
0.353712
0.353805
0.353898
0.35399
0.354083
0.354175
0.354268
0.35436
0.354453
0.354545
0.354638
0.354731
0.354823
0.354916
0.355009
0.355101
0.355194
0.355287
0.355379
0.355472
0.355565
0.355657
0.35575
0.355843
0.355936
0.356028
0.356121
0.356214
0.356307
0.356399
0.356492
0.356585
0.356678
0.356771
0.356863
0.356956
0.357049
0.357142
0.357235
0.357328
0.35742
0.357513
0.357606
0.357699
0.357792
0.357885
0.357978
0.358071
0.358164
0.358257
0.35835
0.358443
0.358536
0.358628
0.358721
0.358814
0.358907
0.359
0.359093
0.359186
0.359279
0.359372
0.359466
0.359559
0.359652
0.359745
0.359838
0.359931
0.360024
0.360117
0.36021
0.360303
0.360397
0.36049
0.360583
0.360676
0.360769
0.360862
0.360956
0.361049
0.361142
0.361235
0.361328
0.361422
0.361515
0.361608
0.361701
0.361795
0.361888
0.361981
0.362074
0.362168
0.362261
0.362354
0.362447
0.362541
0.362634
0.362728
0.362821
0.362914
0.363008
0.363101
0.363194
0.363288
0.363381
0.363474
0.363568
0.363661
0.363755
0.363848
0.363942
0.364035
0.364128
0.364222
0.364315
0.364409
0.364502
0.364596
0.364689
0.364783
0.364876
0.36497
0.365063
0.365157
0.365251
0.365344
0.365438
0.365531
0.365625
0.365719
0.365812
0.365906
0.365999
0.366093
0.366187
0.36628
0.366374
0.366467
0.366561
0.366655
0.366748
0.366842
0.366936
0.36703
0.367123
0.367217
0.367311
0.367405
0.367498
0.367592
0.367686
0.367779
0.367873
0.367967
0.368061
0.368155
0.368248
0.368342
0.368436
0.36853
0.368624
0.368718
0.368811
0.368905
0.368999
0.369093
0.369187
0.369281
0.369375
0.369468
0.369562
0.369656
0.36975
0.369844
0.369938
0.370032
0.370126
0.37022
0.370314
0.370408
0.370502
0.370596
0.37069
0.370784
0.370878
0.370972
0.371066
0.37116
0.371254
0.371348
0.371442
0.371536
0.37163
0.371725
0.371819
0.371913
0.372007
0.372101
0.372195
0.372289
0.372383
0.372477
0.372572
0.372666
0.37276
0.372854
0.372948
0.373043
0.373137
0.373231
0.373325
0.37342
0.373514
0.373608
0.373702
0.373797
0.373891
0.373985
0.374079
0.374174
0.374268
0.374362
0.374457
0.374551
0.374645
0.37474
0.374834
0.374928
0.375023
0.375117
0.375211
0.375306
0.3754
0.375495
0.375589
0.375683
0.375778
0.375872
0.375967
0.376061
0.376155
0.37625
0.376344
0.376439
0.376533
0.376628
0.376722
0.376817
0.376911
0.377006
0.3771
0.377195
0.377289
0.377384
0.377479
0.377573
0.377668
0.377762
0.377857
0.377952
0.378046
0.378141
0.378235
0.37833
0.378424
0.378519
0.378614
0.378708
0.378803
0.378898
0.378992
0.379087
0.379182
0.379277
0.379371
0.379466
0.379561
0.379655
0.37975
0.379845
0.37994
0.380034
0.380129
0.380224
0.380319
0.380414
0.380508
0.380603
0.380698
0.380793
0.380888
0.380982
0.381077
0.381172
0.381267
0.381362
0.381457
0.381551
0.381646
0.381741
0.381836
0.381931
0.382026
0.382121
0.382216
0.382311
0.382406
0.382501
0.382596
0.382691
0.382786
0.382881
0.382975
0.38307
0.383165
0.38326
0.383355
0.38345
0.383546
0.383641
0.383736
0.383831
0.383926
0.384021
0.384116
0.384211
0.384306
0.384401
0.384496
0.384591
0.384686
0.384781
0.384876
0.384971
0.385067
0.385162
0.385257
0.385352
0.385447
0.385543
0.385638
0.385733
0.385828
0.385923
0.386018
0.386114
0.386209
0.386304
0.386399
0.386495
0.38659
0.386685
0.38678
0.386876
0.386971
0.387066
0.387161
0.387257
0.387352
0.387447
0.387543
0.387638
0.387733
0.387829
0.387924
0.388019
0.388115
0.38821
0.388306
0.388401
0.388496
0.388592
0.388687
0.388783
0.388878
0.388973
0.389069
0.389164
0.38926
0.389355
0.389451
0.389546
0.389642
0.389737
0.389833
0.389928
0.390024
0.390119
0.390215
0.39031
0.390406
0.390501
0.390597
0.390692
0.390788
0.390883
0.390979
0.391075
0.39117
0.391266
0.391361
0.391457
0.391553
0.391648
0.391744
0.39184
0.391935
0.392031
0.392127
0.392222
0.392318
0.392413
0.392509
0.392605
0.392701
0.392796
0.392892
0.392988
0.393083
0.393179
0.393275
0.393371
0.393466
0.393562
0.393658
0.393754
0.393849
0.393945
0.394041
0.394137
0.394233
0.394328
0.394424
0.39452
0.394616
0.394712
0.394808
0.394904
0.394999
0.395095
0.395191
0.395287
0.395383
0.395479
0.395575
0.395671
0.395766
0.395862
0.395958
0.396054
0.39615
0.396246
0.396342
0.396438
0.396534
0.39663
0.396726
0.396822
0.396918
0.397014
0.39711
0.397206
0.397302
0.397398
0.397494
0.39759
0.397686
0.397782
0.397878
0.397974
0.39807
0.398166
0.398263
0.398359
0.398455
0.398551
0.398647
0.398743
0.398839
0.398935
0.399031
0.399128
0.399224
0.39932
0.399416
0.399512
0.399608
0.399705
0.399801
0.399897
0.399993
0.400089
0.400186
0.400282
0.400378
0.400474
0.400571
0.400667
0.400763
0.40086
0.400956
0.401052
0.401148
0.401245
0.401341
0.401437
0.401533
0.40163
0.401726
0.401822
0.401919
0.402015
0.402112
0.402208
0.402304
0.402401
0.402497
0.402593
0.40269
0.402786
0.402883
0.402979
0.403075
0.403172
0.403268
0.403365
0.403461
0.403558
0.403654
0.403751
0.403847
0.403944
0.40404
0.404137
0.404233
0.40433
0.404426
0.404523
0.404619
0.404716
0.404812
0.404909
0.405005
0.405102
0.405198
0.405295
0.405391
0.405488
0.405585
0.405681
0.405778
0.405874
0.405971
0.406067
0.406164
0.406261
0.406357
0.406454
0.406551
0.406647
0.406744
0.406841
0.406937
0.407034
0.407131
0.407228
0.407324
0.407421
0.407518
0.407614
0.407711
0.407808
0.407905
0.408001
0.408098
0.408195
0.408292
0.408388
0.408485
0.408582
0.408679
0.408776
0.408872
0.408969
0.409066
0.409163
0.40926
0.409356
0.409453
0.40955
0.409647
0.409744
0.409841
0.409938
0.410035
0.410131
0.410228
0.410325
0.410422
0.410519
0.410616
0.410713
0.41081
0.410907
0.411004
0.411101
0.411198
0.411294
0.411391
0.411488
0.411586
0.411682
0.411779
0.411876
0.411973
0.41207
0.412167
0.412264
0.412361
0.412458
0.412556
0.412653
0.41275
0.412847
0.412944
0.413041
0.413138
0.413235
0.413332
0.413429
0.413526
0.413623
0.413721
0.413818
0.413915
0.414012
0.414109
0.414206
0.414303
0.414401
0.414498
0.414595
0.414692
0.414789
0.414887
0.414984
0.415081
0.415178
0.415275
0.415372
0.41547
0.415567
0.415664
0.415761
0.415859
0.415956
0.416053
0.41615
0.416248
0.416345
0.416442
0.41654
0.416637
0.416734
0.416832
0.416929
0.417026
0.417123
0.417221
0.417318
0.417416
0.417513
0.41761
0.417708
0.417805
0.417903
0.418
0.418097
0.418195
0.418292
0.418389
0.418487
0.418584
0.418682
0.418779
0.418877
0.418974
0.419072
0.419169
0.419266
0.419364
0.419461
0.419559
0.419656
0.419754
0.419851
0.419949
0.420046
0.420144
0.420241
0.420339
0.420436
0.420534
0.420632
0.420729
0.420827
0.420924
0.421022
0.421119
0.421217
0.421315
0.421412
0.42151
0.421607
0.421705
0.421803
0.4219
0.421998
0.422095
0.422193
0.422291
0.422388
0.422486
0.422584
0.422681
0.422779
0.422877
0.422974
0.423072
0.42317
0.423268
0.423365
0.423463
0.423561
0.423658
0.423756
0.423854
0.423952
0.424049
0.424147
0.424245
0.424343
0.42444
0.424538
0.424636
0.424734
0.424832
0.424929
0.425027
0.425125
0.425223
0.425321
0.425419
0.425517
0.425614
0.425712
0.42581
0.425908
0.426006
0.426104
0.426202
0.4263
0.426397
0.426495
0.426593
0.426691
0.426789
0.426887
0.426985
0.427083
0.427181
0.427279
0.427377
0.427475
0.427573
0.427671
0.427769
0.427867
0.427965
0.428063
0.428161
0.428259
0.428357
0.428455
0.428553
0.428651
0.428749
0.428847
0.428945
0.429043
0.429141
0.429239
0.429337
0.429435
0.429533
0.429631
0.42973
0.429828
0.429926
0.430024
0.430122
0.43022
0.430318
0.430416
0.430515
0.430613
0.430711
0.430809
0.430907
0.431005
0.431103
0.431202
0.4313
0.431398
0.431496
0.431594
0.431693
0.431791
0.431889
0.431988
0.432086
0.432184
0.432282
0.43238
0.432479
0.432577
0.432675
0.432774
0.432872
0.43297
0.433068
0.433167
0.433265
0.433363
0.433462
0.43356
0.433658
0.433757
0.433855
0.433953
0.434052
0.43415
0.434248
0.434347
0.434445
0.434544
0.434642
0.43474
0.434839
0.434937
0.435036
0.435134
0.435232
0.435331
0.435429
0.435528
0.435626
0.435725
0.435823
0.435922
0.43602
0.436119
0.436217
0.436316
0.436414
0.436513
0.436611
0.43671
0.436808
0.436907
0.437005
0.437104
0.437202
0.437301
0.437399
0.437498
0.437596
0.437695
0.437793
0.437892
0.437991
0.438089
0.438188
0.438287
0.438385
0.438484
0.438582
0.438681
0.43878
0.438878
0.438977
0.439075
0.439174
0.439273
0.439371
0.43947
0.439569
0.439668
0.439766
0.439865
0.439964
0.440062
0.440161
0.44026
0.440358
0.440457
0.440556
0.440655
0.440753
0.440852
0.440951
0.44105
0.441148
0.441247
0.441346
0.441445
0.441544
0.441642
0.441741
0.44184
0.441939
0.442038
0.442136
0.442235
0.442334
0.442433
0.442532
0.442631
0.442729
0.442828
0.442927
0.443026
0.443125
0.443224
0.443323
0.443421
0.44352
0.443619
0.443718
0.443817
0.443916
0.444015
0.444114
0.444213
0.444312
0.444411
0.44451
0.444609
0.444708
0.444807
0.444906
0.445005
0.445104
0.445203
0.445302
0.445401
0.4455
0.445599
0.445698
0.445797
0.445896
0.445995
0.446094
0.446193
0.446292
0.446391
0.44649
0.446589
0.446688
0.446787
0.446886
0.446985
0.447085
0.447184
0.447283
0.447382
0.447481
0.44758
0.447679
0.447779
0.447878
0.447977
0.448076
0.448175
0.448274
0.448373
0.448473
0.448572
0.448671
0.44877
0.448869
0.448969
0.449068
0.449167
0.449266
0.449366
0.449465
0.449564
0.449663
0.449762
0.449862
0.449961
0.45006
0.450159
0.450259
0.450358
0.450457
0.450557
0.450656
0.450755
0.450855
0.450954
0.451053
0.451153
0.451252
0.451351
0.45145
0.45155
0.451649
0.451749
0.451848
0.451947
0.452047
0.452146
0.452245
0.452345
0.452444
0.452544
0.452643
0.452743
0.452842
0.452941
0.453041
0.45314
0.45324
0.453339
0.453439
0.453538
0.453638
0.453737
0.453837
0.453936
0.454036
0.454135
0.454235
0.454334
0.454434
0.454533
0.454633
0.454732
0.454832
0.454931
0.455031
0.45513
0.45523
0.455329
0.455429
0.455529
0.455628
0.455728
0.455827
0.455927
0.456027
0.456126
0.456226
0.456325
0.456425
0.456525
0.456624
0.456724
0.456824
0.456923
0.457023
0.457123
0.457222
0.457322
0.457422
0.457521
0.457621
0.457721
0.45782
0.45792
0.45802
0.458119
0.458219
0.458319
0.458419
0.458518
0.458618
0.458718
0.458818
0.458917
0.459017
0.459117
0.459217
0.459316
0.459416
0.459516
0.459616
0.459715
0.459815
0.459915
0.460015
0.460115
0.460215
0.460314
0.460414
0.460514
0.460614
0.460714
0.460814
0.460914
0.461013
0.461113
0.461213
0.461313
0.461413
0.461513
0.461613
0.461713
0.461813
0.461913
0.462013
0.462113
0.462212
0.462312
0.462412
0.462512
0.462612
0.462712
0.462812
0.462912
0.463012
0.463112
0.463212
0.463312
0.463412
0.463512
0.463612
0.463712
0.463812
0.463912
0.464012
0.464112
0.464212
0.464312
0.464412
0.464513
0.464613
0.464713
0.464813
0.464913
0.465013
0.465113
0.465213
0.465313
0.465413
0.465513
0.465614
0.465714
0.465814
0.465914
0.466014
0.466114
0.466214
0.466315
0.466415
0.466515
0.466615
0.466715
0.466816
0.466916
0.467016
0.467116
0.467216
0.467317
0.467417
0.467517
0.467617
0.467718
0.467818
0.467918
0.468018
0.468119
0.468219
0.468319
0.46842
0.46852
0.46862
0.46872
0.468821
0.468921
0.469021
0.469122
0.469222
0.469322
0.469423
0.469523
0.469623
0.469724
0.469824
0.469924
0.470025
0.470125
0.470226
0.470326
0.470426
0.470527
0.470627
0.470727
0.470828
0.470928
0.471029
0.471129
0.471229
0.47133
0.47143
0.471531
0.471631
0.471732
0.471832
0.471933
0.472033
0.472134
0.472234
0.472335
0.472435
0.472536
0.472636
0.472737
0.472837
0.472938
0.473038
0.473139
0.473239
0.47334
0.47344
0.473541
0.473642
0.473742
0.473843
0.473943
0.474044
0.474144
0.474245
0.474346
0.474446
0.474547
0.474648
0.474748
0.474849
0.474949
0.47505
0.475151
0.475251
0.475352
0.475453
0.475553
0.475654
0.475755
0.475855
0.475956
0.476057
0.476157
0.476258
0.476359
0.47646
0.476561
0.476661
0.476762
0.476863
0.476963
0.477064
0.477165
0.477266
0.477366
0.477467
0.477568
0.477669
0.47777
0.47787
0.477971
0.478072
0.478173
0.478274
0.478374
0.478475
0.478576
0.478677
0.478778
0.478879
0.478979
0.47908
0.479181
0.479282
0.479383
0.479484
0.479585
0.479686
0.479787
0.479888
0.479988
0.480089
0.48019
0.480291
0.480392
0.480493
0.480594
0.480695
0.480796
0.480897
0.480998
0.481099
0.4812
0.481301
0.481402
0.481503
0.481604
0.481705
0.481806
0.481907
0.482008
0.482109
0.48221
0.482311
0.482412
0.482513
0.482614
0.482715
0.482816
0.482917
0.483018
0.483119
0.48322
0.483322
0.483423
0.483524
0.483625
0.483726
0.483827
0.483928
0.484029
0.48413
0.484232
0.484333
0.484434
0.484535
0.484636
0.484737
0.484839
0.48494
0.485041
0.485142
0.485243
0.485344
0.485446
0.485547
0.485648
0.485749
0.485851
0.485952
0.486053
0.486154
0.486256
0.486357
0.486458
0.486559
0.486661
0.486762
0.486863
0.486964
0.487066
0.487167
0.487268
0.48737
0.487471
0.487572
0.487674
0.487775
0.487877
0.487978
0.488079
0.488181
0.488282
0.488383
0.488485
0.488586
0.488687
0.488789
0.48889
0.488992
0.489093
0.489195
0.489296
0.489397
0.489499
0.4896
0.489702
0.489803
0.489905
0.490006
0.490108
0.490209
0.49031
0.490412
0.490513
0.490615
0.490716
0.490818
0.49092
0.491021
0.491123
0.491224
0.491326
0.491427
0.491529
0.49163
0.491732
0.491833
0.491935
0.492036
0.492138
0.49224
0.492341
0.492443
0.492545
0.492646
0.492748
0.492849
0.492951
0.493053
0.493154
0.493256
0.493358
0.493459
0.493561
0.493662
0.493764
0.493866
0.493968
0.494069
0.494171
0.494273
0.494374
0.494476
0.494578
0.494679
0.494781
0.494883
0.494985
0.495086
0.495188
0.49529
0.495392
0.495493
0.495595
0.495697
0.495799
0.495901
0.496002
0.496104
0.496206
0.496308
0.496409
0.496511
0.496613
0.496715
0.496817
0.496919
0.49702
0.497122
0.497224
0.497326
0.497428
0.49753
0.497632
0.497734
0.497835
0.497937
0.498039
0.498141
0.498243
0.498345
0.498447
0.498549
0.498651
0.498753
0.498855
0.498957
0.499059
0.499161
0.499263
0.499365
0.499467
0.499569
0.49967
0.499772
0.499875
0.499977
0.500079
0.500181
0.500283
0.500385
0.500487
0.500589
0.500691
0.500793
0.500895
0.500997
0.501099
0.501201
0.501303
0.501405
0.501507
0.50161
0.501712
0.501814
0.501916
0.502018
0.50212
0.502222
0.502325
0.502427
0.502529
0.502631
0.502733
0.502835
0.502937
0.50304
0.503142
0.503244
0.503346
0.503448
0.503551
0.503653
0.503755
0.503857
0.50396
0.504062
0.504164
0.504267
0.504369
0.504471
0.504573
0.504676
0.504778
0.50488
0.504982
0.505085
0.505187
0.505289
0.505392
0.505494
0.505596
0.505699
0.505801
0.505903
0.506006
0.506108
0.50621
0.506313
0.506415
0.506518
0.50662
0.506722
0.506825
0.506927
0.50703
0.507132
0.507234
0.507337
0.507439
0.507542
0.507644
0.507747
0.507849
0.507951
0.508054
0.508156
0.508259
0.508361
0.508464
0.508566
0.508669
0.508771
0.508874
0.508977
0.509079
0.509182
0.509284
0.509387
0.509489
0.509592
0.509694
0.509797
0.509899
0.510002
0.510105
0.510207
0.51031
0.510412
0.510515
0.510618
0.51072
0.510823
0.510925
0.511028
0.511131
0.511233
0.511336
0.511439
0.511541
0.511644
0.511747
0.511849
0.511952
0.512055
0.512158
0.51226
0.512363
0.512466
0.512569
0.512671
0.512774
0.512877
0.51298
0.513082
0.513185
0.513288
0.513391
0.513493
0.513596
0.513699
0.513802
0.513905
0.514008
0.51411
0.514213
0.514316
0.514419
0.514522
0.514624
0.514727
0.51483
0.514933
0.515036
0.515139
0.515242
0.515345
0.515448
0.515551
0.515654
0.515756
0.515859
0.515962
0.516065
0.516168
0.516271
0.516374
0.516477
0.51658
0.516683
0.516786
0.516889
0.516992
0.517095
0.517198
0.517301
0.517404
0.517507
0.51761
0.517713
0.517816
0.517919
0.518022
0.518125
0.518228
0.518331
0.518434
0.518537
0.51864
0.518743
0.518847
0.51895
0.519053
0.519156
0.519259
0.519362
0.519465
0.519568
0.519671
0.519775
0.519878
0.519981
0.520084
0.520187
0.52029
0.520394
0.520497
0.5206
0.520703
0.520806
0.52091
0.521013
0.521116
0.521219
0.521323
0.521426
0.521529
0.521632
0.521736
0.521839
0.521942
0.522046
0.522149
0.522252
0.522356
0.522459
0.522562
0.522666
0.522769
0.522872
0.522976
0.523079
0.523182
0.523286
0.523389
0.523492
0.523596
0.523699
0.523803
0.523906
0.524009
0.524113
0.524216
0.52432
0.524423
0.524526
0.52463
0.524733
0.524837
0.52494
0.525044
0.525147
0.525251
0.525354
0.525458
0.525561
0.525665
0.525768
0.525872
0.525975
0.526079
0.526182
0.526286
0.526389
0.526493
0.526597
0.5267
0.526804
0.526907
0.527011
0.527115
0.527218
0.527322
0.527425
0.527529
0.527633
0.527736
0.52784
0.527943
0.528047
0.528151
0.528254
0.528358
0.528462
0.528565
0.528669
0.528773
0.528877
0.52898
0.529084
0.529188
0.529291
0.529395
0.529499
0.529603
0.529706
0.52981
0.529914
0.530018
0.530121
0.530225
0.530329
0.530433
0.530537
0.53064
0.530744
0.530848
0.530952
0.531056
0.53116
0.531263
0.531367
0.531471
0.531575
0.531679
0.531783
0.531887
0.531991
0.532094
0.532198
0.532302
0.532406
0.53251
0.532614
0.532718
0.532822
0.532926
0.53303
0.533134
0.533238
0.533342
0.533446
0.53355
0.533654
0.533758
0.533862
0.533966
0.53407
0.534174
0.534278
0.534382
0.534486
0.53459
0.534694
0.534798
0.534902
0.535006
0.53511
0.535215
0.535319
0.535423
0.535527
0.535631
0.535735
0.535839
0.535943
0.536048
0.536152
0.536256
0.53636
0.536464
0.536568
0.536673
0.536777
0.536881
0.536985
0.53709
0.537194
0.537298
0.537402
0.537506
0.537611
0.537715
0.537819
0.537923
0.538028
0.538132
0.538236
0.53834
0.538445
0.538549
0.538653
0.538758
0.538862
0.538966
0.539071
0.539175
0.539279
0.539384
0.539488
0.539592
0.539697
0.539801
0.539906
0.54001
0.540114
0.540219
0.540323
0.540428
0.540532
0.540637
0.540741
0.540846
0.54095
0.541054
0.541159
0.541263
0.541368
0.541472
0.541577
0.541681
0.541786
0.54189
0.541995
0.542099
0.542204
0.542309
0.542413
0.542518
0.542622
0.542727
0.542831
0.542936
0.543041
0.543145
0.54325
0.543354
0.543459
0.543564
0.543668
0.543773
0.543878
0.543982
0.544087
0.544192
0.544296
0.544401
0.544506
0.54461
0.544715
0.54482
0.544924
0.545029
0.545134
0.545239
0.545343
0.545448
0.545553
0.545658
0.545762
0.545867
0.545972
0.546077
0.546181
0.546286
0.546391
0.546496
0.546601
0.546706
0.546811
0.546915
0.54702
0.547125
0.54723
0.547335
0.54744
0.547545
0.54765
0.547754
0.547859
0.547964
0.548069
0.548174
0.548279
0.548384
0.548489
0.548594
0.548699
0.548804
0.548909
0.549014
0.549119
0.549224
0.549329
0.549434
0.549539
0.549644
0.549749
0.549854
0.549959
0.550064
0.550169
0.550274
0.550379
0.550484
0.55059
0.550695
0.5508
0.550905
0.55101
0.551115
0.55122
0.551325
0.55143
0.551535
0.551641
0.551746
0.551851
0.551956
0.552061
0.552167
0.552272
0.552377
0.552482
0.552587
0.552693
0.552798
0.552903
0.553008
0.553114
0.553219
0.553324
0.55343
0.553535
0.55364
0.553746
0.553851
0.553956
0.554062
0.554167
0.554272
0.554377
0.554483
0.554588
0.554694
0.554799
0.554904
0.55501
0.555115
0.555221
0.555326
0.555432
0.555537
0.555643
0.555748
0.555853
0.555959
0.556064
0.55617
0.556275
0.556381
0.556486
0.556592
0.556697
0.556803
0.556908
0.557014
0.557119
0.557225
0.557331
0.557436
0.557542
0.557647
0.557753
0.557858
0.557964
0.55807
0.558175
0.558281
0.558386
0.558492
0.558598
0.558703
0.558809
0.558915
0.559021
0.559126
0.559232
0.559337
0.559443
0.559549
0.559655
0.55976
0.559866
0.559972
0.560077
0.560183
0.560289
0.560395
0.560501
0.560606
0.560712
0.560818
0.560924
0.56103
0.561135
0.561241
0.561347
0.561453
0.561559
0.561665
0.56177
0.561876
0.561982
0.562088
0.562194
0.5623
0.562406
0.562512
0.562618
0.562724
0.56283
0.562936
0.563042
0.563148
0.563254
0.56336
0.563466
0.563572
0.563677
0.563784
0.56389
0.563996
0.564102
0.564208
0.564314
0.56442
0.564526
0.564632
0.564738
0.564844
0.56495
0.565056
0.565162
0.565269
0.565375
0.565481
0.565587
0.565693
0.565799
0.565906
0.566012
0.566118
0.566224
0.56633
0.566436
0.566543
0.566649
0.566755
0.566861
0.566968
0.567074
0.56718
0.567286
0.567393
0.567499
0.567605
0.567712
0.567818
0.567924
0.568031
0.568137
0.568243
0.56835
0.568456
0.568562
0.568669
0.568775
0.568881
0.568988
0.569094
0.569201
0.569307
0.569414
0.56952
0.569626
0.569733
0.569839
0.569946
0.570052
0.570159
0.570265
0.570372
0.570478
0.570585
0.570691
0.570798
0.570904
0.571011
0.571117
0.571224
0.571331
0.571437
0.571544
0.57165
0.571757
0.571864
0.57197
0.572077
0.572184
0.57229
0.572397
0.572504
0.57261
0.572717
0.572824
0.57293
0.573037
0.573144
0.57325
0.573357
0.573464
0.57357
0.573677
0.573784
0.573891
0.573998
0.574104
0.574211
0.574318
0.574425
0.574532
0.574638
0.574745
0.574852
0.574959
0.575066
0.575173
0.575279
0.575386
0.575493
0.5756
0.575707
0.575814
0.575921
0.576028
0.576135
0.576242
0.576349
0.576456
0.576563
0.57667
0.576777
0.576884
0.576991
0.577098
0.577205
0.577312
0.577419
0.577526
0.577633
0.57774
0.577847
0.577954
0.578061
0.578168
0.578275
0.578382
0.578489
0.578596
0.578704
0.578811
0.578918
0.579025
0.579132
0.579239
0.579347
0.579454
0.579561
0.579668
0.579775
0.579883
0.57999
0.580097
0.580204
0.580311
0.580419
0.580526
0.580633
0.580741
0.580848
0.580955
0.581063
0.58117
0.581277
0.581385
0.581492
0.581599
0.581707
0.581814
0.581921
0.582029
0.582136
0.582244
0.582351
0.582458
0.582566
0.582673
0.582781
0.582888
0.582996
0.583103
0.583211
0.583318
0.583426
0.583533
0.583641
0.583748
0.583856
0.583963
0.584071
0.584179
0.584286
0.584394
0.584501
0.584609
0.584716
0.584824
0.584932
0.585039
0.585147
0.585255
0.585362
0.58547
0.585578
0.585685
0.585793
0.585901
0.586008
0.586116
0.586224
0.586332
0.586439
0.586547
0.586655
0.586763
0.58687
0.586978
0.587086
0.587194
0.587302
0.587409
0.587517
0.587625
0.587733
0.587841
0.587949
0.588057
0.588165
0.588272
0.58838
0.588488
0.588596
0.588704
0.588812
0.58892
0.589028
0.589136
0.589244
0.589352
0.58946
0.589568
0.589676
0.589784
0.589892
0.59
0.590108
0.590216
0.590324
0.590432
0.59054
0.590648
0.590756
0.590865
0.590973
0.591081
0.591189
0.591297
0.591405
0.591513
0.591622
0.59173
0.591838
0.591946
0.592054
0.592162
0.592271
0.592379
0.592487
0.592595
0.592704
0.592812
0.59292
0.593029
0.593137
0.593245
0.593354
0.593462
0.59357
0.593679
0.593787
0.593895
0.594004
0.594112
0.59422
0.594329
0.594437
0.594546
0.594654
0.594763
0.594871
0.59498
0.595088
0.595196
0.595305
0.595413
0.595522
0.59563
0.595739
0.595847
0.595956
0.596064
0.596173
0.596281
0.59639
0.596499
0.596607
0.596716
0.596825
0.596933
0.597042
0.59715
0.597259
0.597368
0.597476
0.597585
0.597694
0.597802
0.597911
0.59802
0.598128
0.598237
0.598346
0.598455
0.598564
0.598672
0.598781
0.59889
0.598998
0.599107
0.599216
0.599325
0.599434
0.599543
0.599652
0.59976
0.599869
0.599978
0.600087
0.600196
0.600305
0.600414
0.600523
0.600632
0.600741
0.60085
0.600958
0.601067
0.601176
0.601285
0.601394
0.601504
0.601613
0.601722
0.601831
0.60194
0.602049
0.602158
0.602267
0.602376
0.602485
0.602594
0.602703
0.602812
0.602921
0.603031
0.60314
0.603249
0.603358
0.603467
0.603577
0.603686
0.603795
0.603904
0.604013
0.604123
0.604232
0.604341
0.60445
0.60456
0.604669
0.604778
0.604887
0.604997
0.605106
0.605216
0.605325
0.605434
0.605544
0.605653
0.605762
0.605872
0.605981
0.60609
0.6062
0.606309
0.606419
0.606528
0.606638
0.606747
0.606857
0.606966
0.607076
0.607185
0.607295
0.607404
0.607514
0.607623
0.607733
0.607842
0.607952
0.608062
0.608171
0.608281
0.60839
0.6085
0.60861
0.608719
0.608829
0.608939
0.609048
0.609158
0.609268
0.609377
0.609487
0.609597
0.609706
0.609816
0.609926
0.610036
0.610146
0.610255
0.610365
0.610475
0.610585
0.610695
0.610805
0.610915
0.611024
0.611134
0.611244
0.611354
0.611464
0.611574
0.611684
0.611794
0.611904
0.612014
0.612124
0.612234
0.612344
0.612454
0.612564
0.612674
0.612784
0.612894
0.613004
0.613114
0.613224
0.613334
0.613444
0.613554
0.613664
0.613774
0.613885
0.613995
0.614105
0.614215
0.614325
0.614435
0.614546
0.614656
0.614766
0.614876
0.614986
0.615097
0.615207
0.615317
0.615427
0.615538
0.615648
0.615758
0.615869
0.615979
0.616089
0.6162
0.61631
0.61642
0.616531
0.616641
0.616751
0.616862
0.616972
0.617083
0.617193
0.617304
0.617414
0.617525
0.617635
0.617746
0.617856
0.617967
0.618077
0.618188
0.618298
0.618409
0.618519
0.61863
0.618741
0.618851
0.618962
0.619072
0.619183
0.619294
0.619404
0.619515
0.619626
0.619736
0.619847
0.619958
0.620068
0.620179
0.62029
0.620401
0.620511
0.620622
0.620733
0.620844
0.620955
0.621065
0.621176
0.621287
0.621398
0.621509
0.621619
0.62173
0.621841
0.621952
0.622063
0.622174
0.622285
0.622396
0.622507
0.622618
0.622729
0.62284
0.622951
0.623062
0.623173
0.623284
0.623395
0.623506
0.623617
0.623728
0.623839
0.62395
0.624061
0.624172
0.624283
0.624394
0.624506
0.624617
0.624728
0.624839
0.62495
0.625062
0.625173
0.625284
0.625395
0.625506
0.625618
0.625729
0.62584
0.625952
0.626063
0.626174
0.626285
0.626397
0.626508
0.62662
0.626731
0.626842
0.626954
0.627065
0.627176
0.627288
0.627399
0.627511
0.627622
0.627733
0.627845
0.627957
0.628068
0.62818
0.628291
0.628403
0.628514
0.628626
0.628737
0.628849
0.62896
0.629072
0.629183
0.629295
0.629407
0.629518
0.62963
0.629742
0.629853
0.629965
0.630077
0.630189
0.6303
0.630412
0.630524
0.630635
0.630747
0.630859
0.630971
0.631082
0.631194
0.631306
0.631418
0.63153
0.631642
0.631754
0.631866
0.631977
0.632089
0.632201
0.632313
0.632425
0.632537
0.632649
0.632761
0.632873
0.632985
0.633097
0.633209
0.633321
0.633433
0.633545
0.633657
0.633769
0.633881
0.633993
0.634105
0.634218
0.63433
0.634442
0.634554
0.634666
0.634778
0.63489
0.635003
0.635115
0.635227
0.635339
0.635452
0.635564
0.635676
0.635789
0.635901
0.636013
0.636125
0.636238
0.63635
0.636462
0.636575
0.636687
0.636799
0.636912
0.637024
0.637137
0.637249
0.637362
0.637474
0.637587
0.637699
0.637812
0.637924
0.638037
0.638149
0.638262
0.638374
0.638487
0.638599
0.638712
0.638825
0.638937
0.63905
0.639163
0.639275
0.639388
0.639501
0.639613
0.639726
0.639839
0.639951
0.640064
0.640177
0.64029
0.640402
0.640515
0.640628
0.640741
0.640854
0.640967
0.641079
0.641192
0.641305
0.641418
0.641531
0.641644
0.641756
0.641869
0.641982
0.642095
0.642208
0.642321
0.642434
0.642547
0.64266
0.642774
0.642887
0.643
0.643113
0.643226
0.643339
0.643452
0.643565
0.643678
0.643791
0.643904
0.644017
0.644131
0.644244
0.644357
0.64447
0.644583
0.644697
0.64481
0.644923
0.645036
0.645149
0.645263
0.645376
0.645489
0.645603
0.645716
0.645829
0.645943
0.646056
0.64617
0.646283
0.646397
0.64651
0.646623
0.646737
0.64685
0.646964
0.647077
0.647191
0.647304
0.647418
0.647531
0.647645
0.647758
0.647872
0.647986
0.648099
0.648213
0.648326
0.64844
0.648554
0.648667
0.648781
0.648895
0.649008
0.649122
0.649236
0.649349
0.649463
0.649577
0.649691
0.649805
0.649918
0.650032
0.650146
0.65026
0.650374
0.650487
0.650601
0.650715
0.650829
0.650943
0.651057
0.651171
0.651285
0.651399
0.651513
0.651627
0.651741
0.651855
0.651969
0.652083
0.652197
0.652311
0.652425
0.652539
0.652653
0.652767
0.652881
0.652995
0.65311
0.653224
0.653338
0.653452
0.653566
0.653681
0.653795
0.653909
0.654023
0.654138
0.654252
0.654366
0.65448
0.654595
0.654709
0.654823
0.654938
0.655052
0.655167
0.655281
0.655395
0.65551
0.655624
0.655739
0.655853
0.655968
0.656082
0.656196
0.656311
0.656425
0.65654
0.656655
0.656769
0.656884
0.656998
0.657113
0.657228
0.657342
0.657457
0.657571
0.657686
0.657801
0.657915
0.65803
0.658145
0.65826
0.658374
0.658489
0.658604
0.658719
0.658834
0.658948
0.659063
0.659178
0.659293
0.659408
0.659523
0.659637
0.659752
0.659867
0.659982
0.660097
0.660212
0.660327
0.660442
0.660557
0.660672
0.660787
0.660902
0.661017
0.661132
0.661247
0.661362
0.661477
0.661592
0.661707
0.661823
0.661938
0.662053
0.662168
0.662283
0.662398
0.662514
0.662629
0.662744
0.66286
0.662975
0.66309
0.663205
0.66332
0.663436
0.663551
0.663666
0.663782
0.663897
0.664013
0.664128
0.664244
0.664359
0.664475
0.66459
0.664706
0.664821
0.664937
0.665052
0.665168
0.665283
0.665399
0.665514
0.66563
0.665745
0.665861
0.665977
0.666092
0.666208
0.666324
0.66644
0.666555
0.666671
0.666787
0.666902
0.667018
0.667134
0.66725
0.667365
0.667481
0.667597
0.667713
0.667829
0.667945
0.668061
0.668176
0.668292
0.668408
0.668524
0.66864
0.668756
0.668872
0.668988
0.669104
0.66922
0.669336
0.669452
0.669568
0.669684
0.669801
0.669917
0.670033
0.670149
0.670265
0.670381
0.670497
0.670614
0.67073
0.670846
0.670962
0.671078
0.671195
0.671311
0.671427
0.671543
0.67166
0.671776
0.671892
0.672009
0.672125
0.672242
0.672358
0.672475
0.672591
0.672707
0.672824
0.67294
0.673057
0.673173
0.67329
0.673407
0.673523
0.67364
0.673756
0.673873
0.673989
0.674106
0.674222
0.674339
0.674456
0.674572
0.674689
0.674806
0.674922
0.675039
0.675156
0.675272
0.675389
0.675506
0.675623
0.67574
0.675857
0.675973
0.67609
0.676207
0.676324
0.676441
0.676558
0.676675
0.676792
0.676909
0.677026
0.677143
0.67726
0.677377
0.677494
0.677611
0.677728
0.677845
0.677962
0.678079
0.678196
0.678313
0.67843
0.678548
0.678665
0.678782
0.678899
0.679016
0.679134
0.679251
0.679368
0.679485
0.679603
0.67972
0.679838
0.679955
0.680072
0.68019
0.680307
0.680424
0.680542
0.680659
0.680777
0.680894
0.681012
0.681129
0.681247
0.681364
0.681482
0.681599
0.681717
0.681834
0.681952
0.682069
0.682187
0.682305
0.682422
0.68254
0.682658
0.682775
0.682893
0.683011
0.683129
0.683246
0.683364
0.683482
0.6836
0.683718
0.683835
0.683953
0.684071
0.684189
0.684307
0.684425
0.684543
0.684661
0.684779
0.684897
0.685015
0.685133
0.685251
0.685369
0.685487
0.685605
0.685723
0.685841
0.685959
0.686077
0.686195
0.686313
0.686431
0.68655
0.686668
0.686786
0.686904
0.687023
0.687141
0.687259
0.687377
0.687496
0.687614
0.687732
0.68785
0.687969
0.688087
0.688206
0.688324
0.688442
0.688561
0.688679
0.688798
0.688917
0.689035
0.689153
0.689272
0.689391
0.689509
0.689628
0.689746
0.689865
0.689984
0.690102
0.690221
0.690339
0.690458
0.690577
0.690696
0.690814
0.690933
0.691052
0.69117
0.691289
0.691408
0.691527
0.691645
0.691764
0.691883
0.692002
0.692121
0.69224
0.692359
0.692478
0.692597
0.692716
0.692835
0.692954
0.693073
0.693192
0.693311
0.69343
0.693549
0.693668
0.693787
0.693906
0.694025
0.694145
0.694264
0.694383
0.694502
0.694622
0.694741
0.69486
0.694979
0.695099
0.695218
0.695337
0.695457
0.695576
0.695695
0.695815
0.695934
0.696054
0.696173
0.696293
0.696412
0.696532
0.696651
0.69677
0.69689
0.697009
0.697129
0.697248
0.697368
0.697488
0.697607
0.697727
0.697846
0.697966
0.698086
0.698205
0.698325
0.698445
0.698565
0.698684
0.698804
0.698924
0.699044
0.699163
0.699283
0.699403
0.699523
0.699643
0.699763
0.699883
0.700003
0.700123
0.700243
0.700363
0.700483
0.700603
0.700723
0.700843
0.700963
0.701083
0.701203
0.701323
0.701443
0.701563
0.701684
0.701804
0.701924
0.702044
0.702164
0.702285
0.702405
0.702525
0.702646
0.702766
0.702886
0.703007
0.703127
0.703247
0.703368
0.703488
0.703609
0.703729
0.70385
0.70397
0.704091
0.704211
0.704332
0.704453
0.704573
0.704694
0.704814
0.704935
0.705056
0.705176
0.705297
0.705418
0.705538
0.705659
0.70578
0.705901
0.706021
0.706142
0.706263
0.706384
0.706505
0.706625
0.706746
0.706867
0.706988
0.707109
0.70723
0.70735
0.707471
0.707592
0.707713
0.707834
0.707955
0.708076
0.708198
0.708319
0.70844
0.708561
0.708682
0.708803
0.708924
0.709045
0.709166
0.709287
0.709409
0.70953
0.709651
0.709773
0.709894
0.710015
0.710137
0.710258
0.710379
0.710501
0.710622
0.710743
0.710865
0.710986
0.711108
0.711229
0.711351
0.711472
0.711594
0.711715
0.711837
0.711958
0.71208
0.712202
0.712323
0.712445
0.712566
0.712688
0.71281
0.712931
0.713053
0.713175
0.713297
0.713419
0.71354
0.713662
0.713784
0.713906
0.714028
0.71415
0.714272
0.714393
0.714515
0.714637
0.714759
0.714881
0.715003
0.715125
0.715247
0.715369
0.715491
0.715614
0.715736
0.715858
0.71598
0.716102
0.716224
0.716346
0.716469
0.716591
0.716713
0.716835
0.716957
0.71708
0.717202
0.717324
0.717447
0.717569
0.717692
0.717814
0.717937
0.718059
0.718181
0.718304
0.718426
0.718549
0.718671
0.718794
0.718916
0.719039
0.719162
0.719284
0.719407
0.71953
0.719652
0.719775
0.719898
0.72002
0.720143
0.720266
0.720389
0.720511
0.720634
0.720757
0.72088
0.721003
0.721125
0.721248
0.721371
0.721494
0.721617
0.72174
0.721863
0.721986
0.722109
0.722232
0.722355
0.722478
0.722601
0.722725
0.722848
0.722971
0.723094
0.723217
0.72334
0.723464
0.723587
0.72371
0.723833
0.723957
0.72408
0.724203
0.724326
0.72445
0.724573
0.724696
0.72482
0.724943
0.725067
0.72519
0.725314
0.725437
0.725561
0.725684
0.725808
0.725931
0.726055
0.726179
0.726302
0.726426
0.726549
0.726673
0.726797
0.72692
0.727044
0.727168
0.727292
0.727416
0.727539
0.727663
0.727787
0.727911
0.728035
0.728159
0.728283
0.728407
0.728531
0.728655
0.728779
0.728903
0.729027
0.729151
0.729275
0.729399
0.729524
0.729648
0.729772
0.729896
0.73002
0.730145
0.730269
0.730393
0.730517
0.730641
0.730766
0.73089
0.731015
0.731139
0.731263
0.731388
0.731512
0.731637
0.731761
0.731885
0.73201
0.732134
0.732259
0.732383
0.732508
0.732633
0.732757
0.732882
0.733006
0.733131
0.733256
0.73338
0.733505
0.73363
0.733755
0.733879
0.734004
0.734129
0.734254
0.734378
0.734503
0.734628
0.734753
0.734878
0.735003
0.735128
0.735253
0.735378
0.735503
0.735628
0.735753
0.735878
0.736003
0.736128
0.736253
0.736378
0.736503
0.736628
0.736753
0.736878
0.737004
0.737129
0.737254
0.737379
0.737505
0.73763
0.737756
0.737881
0.738007
0.738132
0.738257
0.738383
0.738508
0.738634
0.738759
0.738885
0.73901
0.739136
0.739262
0.739387
0.739513
0.739639
0.739764
0.73989
0.740016
0.740141
0.740267
0.740393
0.740518
0.740644
0.74077
0.740896
0.741022
0.741147
0.741273
0.741399
0.741525
0.741651
0.741777
0.741903
0.742029
0.742155
0.742281
0.742407
0.742533
0.742659
0.742785
0.742911
0.743037
0.743164
0.74329
0.743416
0.743542
0.743669
0.743795
0.743921
0.744047
0.744174
0.7443
0.744426
0.744553
0.744679
0.744806
0.744932
0.745059
0.745185
0.745312
0.745438
0.745565
0.745691
0.745818
0.745945
0.746071
0.746198
0.746324
0.746451
0.746578
0.746704
0.746831
0.746958
0.747085
0.747211
0.747338
0.747465
0.747592
0.747719
0.747846
0.747972
0.748099
0.748226
0.748353
0.74848
0.748607
0.748734
0.748861
0.748988
0.749115
0.749243
0.74937
0.749497
0.749624
0.749751
0.749879
0.750006
0.750133
0.75026
0.750388
0.750515
0.750642
0.75077
0.750897
0.751024
0.751152
0.751279
0.751407
0.751534
0.751662
0.751789
0.751917
0.752044
0.752172
0.752299
0.752427
0.752554
0.752682
0.75281
0.752937
0.753065
0.753193
0.75332
0.753448
0.753576
0.753704
0.753832
0.75396
0.754088
0.754216
0.754343
0.754471
0.754599
0.754727
0.754855
0.754983
0.755111
0.755239
0.755367
0.755496
0.755624
0.755752
0.75588
0.756008
0.756136
0.756265
0.756393
0.756521
0.756649
0.756777
0.756905
0.757034
0.757162
0.75729
0.757419
0.757547
0.757676
0.757804
0.757933
0.758061
0.75819
0.758318
0.758447
0.758576
0.758704
0.758833
0.758961
0.75909
0.759219
0.759347
0.759476
0.759605
0.759734
0.759862
0.759991
0.76012
0.760249
0.760378
0.760506
0.760635
0.760764
0.760893
0.761022
0.761151
0.76128
0.761409
0.761538
0.761667
0.761797
0.761926
0.762055
0.762184
0.762313
0.762443
0.762572
0.762701
0.76283
0.762959
0.763089
0.763218
0.763347
0.763477
0.763606
0.763735
0.763865
0.763994
0.764124
0.764253
0.764383
0.764512
0.764642
0.764771
0.764901
0.765031
0.76516
0.76529
0.76542
0.765549
0.765679
0.765809
0.765939
0.766069
0.766198
0.766328
0.766458
0.766588
0.766718
0.766848
0.766978
0.767108
0.767238
0.767368
0.767497
0.767627
0.767758
0.767888
0.768018
0.768148
0.768278
0.768408
0.768539
0.768669
0.768799
0.768929
0.769059
0.76919
0.76932
0.76945
0.769581
0.769711
0.769842
0.769972
0.770102
0.770233
0.770364
0.770494
0.770625
0.770755
0.770886
0.771016
0.771147
0.771277
0.771408
0.771539
0.77167
0.7718
0.771931
0.772062
0.772193
0.772324
0.772454
0.772585
0.772716
0.772847
0.772978
0.773109
0.77324
0.773371
0.773501
0.773632
0.773763
0.773894
0.774025
0.774157
0.774288
0.774419
0.77455
0.774682
0.774813
0.774944
0.775075
0.775206
0.775338
0.775469
0.7756
0.775732
0.775863
0.775994
0.776126
0.776257
0.776389
0.77652
0.776652
0.776783
0.776915
0.777046
0.777178
0.77731
0.777441
0.777573
0.777705
0.777836
0.777968
0.7781
0.778232
0.778363
0.778495
0.778627
0.778759
0.778891
0.779023
0.779155
0.779287
0.779419
0.77955
0.779683
0.779815
0.779947
0.780079
0.780211
0.780343
0.780475
0.780607
0.78074
0.780872
0.781004
0.781136
0.781269
0.781401
0.781533
0.781666
0.781798
0.78193
0.782063
0.782195
0.782328
0.78246
0.782593
0.782725
0.782858
0.78299
0.783123
0.783256
0.783388
0.783521
0.783654
0.783786
0.783919
0.784052
0.784185
0.784317
0.78445
0.784583
0.784716
0.784849
0.784982
0.785115
0.785248
0.785381
0.785514
0.785647
0.78578
0.785913
0.786046
0.786179
0.786312
0.786445
0.786578
0.786712
0.786845
0.786978
0.787111
0.787245
0.787378
0.787512
0.787645
0.787778
0.787912
0.788045
0.788178
0.788312
0.788445
0.788579
0.788713
0.788846
0.78898
0.789113
0.789247
0.78938
0.789514
0.789648
0.789782
0.789915
0.790049
0.790183
0.790317
0.79045
0.790584
0.790718
0.790852
0.790986
0.79112
0.791254
0.791388
0.791522
0.791656
0.79179
0.791924
0.792058
0.792193
0.792327
0.792461
0.792595
0.792729
0.792864
0.792998
0.793132
0.793266
0.793401
0.793535
0.79367
0.793804
0.793938
0.794073
0.794207
0.794342
0.794476
0.794611
0.794745
0.79488
0.795015
0.795149
0.795284
0.795419
0.795553
0.795688
0.795823
0.795958
0.796093
0.796227
0.796362
0.796497
0.796632
0.796767
0.796902
0.797037
0.797172
0.797307
0.797442
0.797577
0.797712
0.797847
0.797982
0.798117
0.798252
0.798388
0.798523
0.798658
0.798793
0.798928
0.799064
0.799199
0.799334
0.79947
0.799605
0.799741
0.799876
0.800012
0.800147
0.800283
0.800418
0.800554
0.800689
0.800825
0.80096
0.801096
0.801232
0.801368
0.801503
0.801639
0.801775
0.801911
0.802046
0.802182
0.802318
0.802454
0.80259
0.802726
0.802862
0.802998
0.803134
0.80327
0.803406
0.803542
0.803678
0.803814
0.80395
0.804087
0.804223
0.804359
0.804495
0.804632
0.804768
0.804904
0.80504
0.805177
0.805313
0.80545
0.805586
0.805723
0.805859
0.805996
0.806132
0.806269
0.806405
0.806542
0.806679
0.806815
0.806952
0.807089
0.807225
0.807362
0.807499
0.807636
0.807773
0.807909
0.808046
0.808183
0.80832
0.808457
0.808594
0.808731
0.808868
0.809005
0.809142
0.809279
0.809416
0.809554
0.809691
0.809828
0.809965
0.810102
0.810239
0.810377
0.810514
0.810651
0.810789
0.810926
0.811064
0.811201
0.811338
0.811476
0.811613
0.811751
0.811888
0.812026
0.812163
0.812301
0.812439
0.812576
0.812714
0.812852
0.81299
0.813127
0.813265
0.813403
0.813541
0.813679
0.813817
0.813955
0.814092
0.81423
0.814368
0.814506
0.814644
0.814782
0.814921
0.815059
0.815197
0.815335
0.815473
0.815611
0.81575
0.815888
0.816026
0.816164
0.816302
0.816441
0.816579
0.816718
0.816856
0.816995
0.817133
0.817272
0.81741
0.817549
0.817687
0.817826
0.817965
0.818103
0.818242
0.81838
0.818519
0.818658
0.818797
0.818936
0.819074
0.819213
0.819352
0.819491
0.81963
0.819769
0.819908
0.820047
0.820186
0.820325
0.820464
0.820603
0.820742
0.820881
0.82102
0.82116
0.821299
0.821438
0.821577
0.821717
0.821856
0.821995
0.822135
0.822274
0.822414
0.822553
0.822693
0.822832
0.822972
0.823111
0.823251
0.82339
0.82353
0.823669
0.823809
0.823949
0.824089
0.824228
0.824368
0.824508
0.824648
0.824787
0.824927
0.825067
0.825207
0.825347
0.825487
0.825627
0.825767
0.825907
0.826047
0.826187
0.826327
0.826468
0.826608
0.826748
0.826888
0.827028
0.827168
0.827309
0.827449
0.827589
0.82773
0.82787
0.828011
0.828151
0.828292
0.828432
0.828573
0.828713
0.828854
0.828994
0.829135
0.829276
0.829416
0.829557
0.829697
0.829838
0.829979
0.83012
0.830261
0.830401
0.830542
0.830683
0.830824
0.830965
0.831106
0.831247
0.831388
0.831529
0.83167
0.831811
0.831953
0.832094
0.832235
0.832376
0.832517
0.832659
0.8328
0.832941
0.833083
0.833224
0.833365
0.833507
0.833648
0.833789
0.833931
0.834072
0.834214
0.834356
0.834497
0.834639
0.83478
0.834922
0.835064
0.835205
0.835347
0.835489
0.835631
0.835773
0.835914
0.836056
0.836198
0.83634
0.836482
0.836624
0.836766
0.836908
0.83705
0.837192
0.837334
0.837476
0.837619
0.837761
0.837903
0.838045
0.838188
0.83833
0.838472
0.838614
0.838757
0.838899
0.839041
0.839184
0.839326
0.839469
0.839612
0.839754
0.839897
0.840039
0.840182
0.840325
0.840467
0.84061
0.840753
0.840896
0.841038
0.841181
0.841324
0.841467
0.84161
0.841753
0.841895
0.842039
0.842182
0.842325
0.842468
0.842611
0.842754
0.842897
0.84304
0.843183
0.843326
0.84347
0.843613
0.843756
0.843899
0.844043
0.844186
0.84433
0.844473
0.844616
0.84476
0.844903
0.845047
0.84519
0.845334
0.845478
0.845621
0.845765
0.845908
0.846052
0.846196
0.84634
0.846483
0.846627
0.846771
0.846915
0.847059
0.847203
0.847347
0.847491
0.847635
0.847779
0.847923
0.848067
0.848211
0.848355
0.848499
0.848643
0.848788
0.848932
0.849076
0.84922
0.849365
0.849509
0.849653
0.849798
0.849942
0.850087
0.850231
0.850376
0.85052
0.850665
0.850809
0.850954
0.851098
0.851243
0.851388
0.851533
0.851677
0.851822
0.851967
0.852112
0.852256
0.852401
0.852546
0.852691
0.852836
0.852981
0.853126
0.853271
0.853416
0.853561
0.853706
0.853851
0.853997
0.854142
0.854287
0.854432
0.854578
0.854723
0.854868
0.855014
0.855159
0.855304
0.85545
0.855595
0.855741
0.855886
0.856032
0.856178
0.856323
0.856469
0.856614
0.85676
0.856906
0.857051
0.857197
0.857343
0.857489
0.857635
0.857781
0.857926
0.858072
0.858218
0.858364
0.85851
0.858657
0.858803
0.858949
0.859095
0.859241
0.859387
0.859533
0.859679
0.859826
0.859972
0.860118
0.860265
0.860411
0.860557
0.860704
0.86085
0.860997
0.861143
0.86129
0.861436
0.861583
0.861729
0.861876
0.862023
0.862169
0.862316
0.862463
0.86261
0.862756
0.862903
0.86305
0.863197
0.863344
0.863491
0.863638
0.863785
0.863932
0.864079
0.864226
0.864373
0.86452
0.864667
0.864814
0.864962
0.865109
0.865256
0.865403
0.865551
0.865698
0.865846
0.865993
0.86614
0.866288
0.866435
0.866583
0.86673
0.866878
0.867025
0.867173
0.867321
0.867468
0.867616
0.867764
0.867912
0.868059
0.868207
0.868355
0.868503
0.868651
0.868798
0.868946
0.869094
0.869242
0.86939
0.869539
0.869687
0.869835
0.869983
0.870131
0.870279
0.870428
0.870576
0.870724
0.870872
0.871021
0.871169
0.871317
0.871466
0.871614
0.871763
0.871911
0.87206
0.872208
0.872357
0.872506
0.872654
0.872803
0.872952
0.8731
0.873249
0.873398
0.873547
0.873696
0.873844
0.873993
0.874142
0.874291
0.87444
0.874589
0.874738
0.874888
0.875037
0.875186
0.875335
0.875484
0.875633
0.875782
0.875932
0.876081
0.87623
0.87638
0.876529
0.876678
0.876828
0.876977
0.877127
0.877276
0.877426
0.877576
0.877725
0.877875
0.878024
0.878174
0.878324
0.878474
0.878623
0.878773
0.878923
0.879073
0.879223
0.879373
0.879523
0.879673
0.879823
0.879973
0.880123
0.880273
0.880423
0.880573
0.880723
0.880874
0.881024
0.881174
0.881324
0.881475
0.881625
0.881775
0.881926
0.882076
0.882227
0.882377
0.882528
0.882678
0.882829
0.88298
0.88313
0.883281
0.883431
0.883582
0.883733
0.883884
0.884035
0.884185
0.884336
0.884487
0.884638
0.884789
0.88494
0.885091
0.885242
0.885393
0.885544
0.885695
0.885846
0.885998
0.886149
0.8863
0.886451
0.886603
0.886754
0.886905
0.887057
0.887208
0.88736
0.887511
0.887663
0.887814
0.887966
0.888117
0.888269
0.888421
0.888572
0.888724
0.888876
0.889027
0.889179
0.889331
0.889483
0.889635
0.889787
0.889939
0.890091
0.890242
0.890395
0.890547
0.890699
0.890851
0.891003
0.891155
0.891307
0.891459
0.891612
0.891764
0.891916
0.892069
0.892221
0.892374
0.892526
0.892678
0.892831
0.892983
0.893136
0.893288
0.893441
0.893593
0.893746
0.893899
0.894051
0.894204
0.894357
0.89451
0.894663
0.894816
0.894968
0.895121
0.895274
0.895427
0.89558
0.895733
0.895886
0.896039
0.896192
0.896346
0.896499
0.896652
0.896805
0.896959
0.897112
0.897265
0.897419
0.897572
0.897726
0.897879
0.898032
0.898186
0.898339
0.898493
0.898647
0.8988
0.898954
0.899108
0.899261
0.899415
0.899569
0.899723
0.899876
0.90003
0.900184
0.900338
0.900492
0.900646
0.9008
0.900954
0.901108
0.901262
0.901416
0.90157
0.901725
0.901879
0.902033
0.902188
0.902342
0.902496
0.90265
0.902805
0.902959
0.903114
0.903268
0.903423
0.903577
0.903732
0.903886
0.904041
0.904196
0.90435
0.904505
0.90466
0.904815
0.904969
0.905124
0.905279
0.905434
0.905589
0.905744
0.905899
0.906054
0.906209
0.906364
0.906519
0.906674
0.906829
0.906985
0.90714
0.907295
0.90745
0.907606
0.907761
0.907916
0.908072
0.908227
0.908383
0.908538
0.908694
0.908849
0.909005
0.909161
0.909316
0.909472
0.909628
0.909783
0.909939
0.910095
0.910251
0.910406
0.910562
0.910718
0.910874
0.91103
0.911186
0.911342
0.911498
0.911655
0.911811
0.911967
0.912123
0.912279
0.912435
0.912592
0.912748
0.912904
0.91306
0.913217
0.913373
0.91353
0.913686
0.913843
0.913999
0.914156
0.914313
0.914469
0.914626
0.914782
0.914939
0.915096
0.915253
0.915409
0.915566
0.915723
0.91588
0.916037
0.916194
0.916351
0.916508
0.916665
0.916822
0.916979
0.917136
0.917293
0.917451
0.917608
0.917765
0.917922
0.918079
0.918237
0.918394
0.918552
0.918709
0.918867
0.919024
0.919182
0.919339
0.919497
0.919655
0.919812
0.91997
0.920127
0.920285
0.920443
0.920601
0.920759
0.920917
0.921075
0.921232
0.92139
0.921548
0.921706
0.921865
0.922023
0.922181
0.922339
0.922497
0.922655
0.922814
0.922972
0.92313
0.923288
0.923447
0.923605
0.923764
0.923922
0.924081
0.924239
0.924398
0.924556
0.924715
0.924873
0.925032
0.925191
0.925349
0.925508
0.925667
0.925826
0.925985
0.926143
0.926302
0.926461
0.92662
0.92678
0.926939
0.927098
0.927257
0.927416
0.927575
0.927734
0.927893
0.928053
0.928212
0.928371
0.92853
0.92869
0.928849
0.929009
0.929168
0.929328
0.929487
0.929647
0.929806
0.929966
0.930125
0.930285
0.930445
0.930605
0.930764
0.930924
0.931084
0.931244
0.931404
0.931564
0.931724
0.931884
0.932044
0.932204
0.932364
0.932524
0.932684
0.932845
0.933005
0.933165
0.933325
0.933485
0.933646
0.933806
0.933967
0.934127
0.934287
0.934448
0.934609
0.934769
0.93493
0.93509
0.935251
0.935412
0.935572
0.935733
0.935894
0.936054
0.936215
0.936376
0.936537
0.936698
0.936859
0.93702
0.937181
0.937342
0.937504
0.937665
0.937826
0.937987
0.938148
0.938309
0.93847
0.938632
0.938793
0.938955
0.939116
0.939277
0.939439
0.9396
0.939762
0.939924
0.940085
0.940247
0.940408
0.94057
0.940732
0.940893
0.941055
0.941217
0.941379
0.941541
0.941702
0.941864
0.942026
0.942189
0.942351
0.942513
0.942675
0.942837
0.942999
0.943161
0.943323
0.943486
0.943648
0.94381
0.943973
0.944135
0.944297
0.94446
0.944622
0.944785
0.944948
0.94511
0.945273
0.945435
0.945598
0.94576
0.945923
0.946086
0.946249
0.946411
0.946574
0.946737
0.9469
0.947063
0.947226
0.947389
0.947552
0.947715
0.947878
0.948042
0.948205
0.948368
0.948531
0.948694
0.948857
0.949021
0.949184
0.949348
0.949511
0.949675
0.949838
0.950002
0.950165
0.950329
0.950492
0.950656
0.950819
0.950983
0.951147
0.951311
0.951474
0.951638
0.951802
0.951966
0.95213
0.952294
0.952458
0.952622
0.952786
0.95295
0.953114
0.953279
0.953443
0.953607
0.953771
0.953935
0.954099
0.954264
0.954428
0.954593
0.954757
0.954922
0.955086
0.955251
0.955415
0.95558
0.955745
0.955909
0.956074
0.956239
0.956403
0.956568
0.956733
0.956898
0.957063
0.957228
0.957393
0.957558
0.957723
0.957888
0.958053
0.958218
0.958383
0.958548
0.958714
0.958879
0.959044
0.959209
0.959375
0.95954
0.959705
0.959871
0.960036
0.960202
0.960367
0.960533
0.960699
0.960864
0.96103
0.961196
0.961361
0.961527
0.961693
0.961858
0.962024
0.96219
0.962356
0.962522
0.962688
0.962854
0.96302
0.963186
0.963353
0.963519
0.963685
0.963851
0.964017
0.964184
0.96435
0.964516
0.964683
0.964849
0.965015
0.965182
0.965348
0.965515
0.965681
0.965848
0.966015
0.966182
0.966348
0.966515
0.966681
0.966848
0.967015
0.967182
0.967349
0.967516
0.967683
0.96785
0.968017
0.968184
0.968351
0.968518
0.968685
0.968852
0.96902
0.969187
0.969354
0.969521
0.969689
0.969856
0.970023
0.970191
0.970358
0.970526
0.970693
0.970861
0.971029
0.971196
0.971364
0.971532
0.971699
0.971867
0.972035
0.972203
0.97237
0.972538
0.972706
0.972874
0.973042
0.97321
0.973378
0.973546
0.973715
0.973883
0.974051
0.974219
0.974388
0.974556
0.974724
0.974892
0.975061
0.975229
0.975398
0.975566
0.975735
0.975903
0.976072
0.97624
0.976409
0.976578
0.976746
0.976915
0.977084
0.977253
0.977421
0.97759
0.977759
0.977928
0.978097
0.978266
0.978435
0.978604
0.978773
0.978942
0.979112
0.979281
0.97945
0.97962
0.979789
0.979958
0.980128
0.980297
0.980466
0.980636
0.980805
0.980975
0.981144
0.981314
0.981484
0.981653
0.981823
0.981993
0.982163
0.982333
0.982502
0.982672
0.982842
0.983012
0.983182
0.983352
0.983522
0.983692
0.983862
0.984032
0.984202
0.984373
0.984543
0.984713
0.984883
0.985054
0.985224
0.985395
0.985565
0.985736
0.985906
0.986077
0.986247
0.986418
0.986588
0.986759
0.98693
0.9871
0.987271
0.987442
0.987613
0.987784
0.987955
0.988126
0.988296
0.988467
0.988638
0.98881
0.988981
0.989152
0.989323
0.989494
0.989666
0.989837
0.990008
0.99018
0.990351
0.990522
0.990694
0.990865
0.991037
0.991208
0.99138
0.991551
0.991723
0.991894
0.992066
0.992238
0.99241
0.992581
0.992753
0.992925
0.993097
0.993269
0.993441
0.993613
0.993785
0.993957
0.994129
0.994301
0.994473
0.994645
0.994817
0.99499
0.995162
0.995334
0.995507
0.995679
0.995852
0.996024
0.996197
0.996369
0.996542
0.996714
0.996887
0.99706
0.997232
0.997405
0.997578
0.997751
0.997924
0.998096
0.998269
0.998442
0.998615
0.998788
0.998961
0.999134
0.999307
0.999481
0.999654
0.999827
