5.07938
5.07948
5.07958
5.07968
5.07978
5.07988
5.07998
5.08008
5.08018
5.08028
5.08038
5.08048
5.08058
5.08068
5.08078
5.08088
5.08098
5.08108
5.08118
5.08128
5.08138
5.08148
5.08158
5.08168
5.08179
5.08189
5.08199
5.08209
5.08219
5.08229
5.08239
5.08249
5.08259
5.08269
5.08279
5.08289
5.08299
5.08309
5.08319
5.08329
5.08339
5.08349
5.08359
5.08369
5.08379
5.08389
5.08399
5.08409
5.08419
5.08429
5.08439
5.0845
5.0846
5.0847
5.0848
5.0849
5.085
5.0851
5.0852
5.0853
5.0854
5.0855
5.0856
5.0857
5.0858
5.0859
5.086
5.0861
5.08621
5.08631
5.08641
5.08651
5.08661
5.08671
5.08681
5.08691
5.08701
5.08711
5.08721
5.08731
5.08741
5.08752
5.08762
5.08772
5.08782
5.08792
5.08802
5.08812
5.08822
5.08832
5.08842
5.08852
5.08863
5.08873
5.08883
5.08893
5.08903
5.08913
5.08923
5.08933
5.08943
5.08953
5.08964
5.08974
5.08984
5.08994
5.09004
5.09014
5.09024
5.09034
5.09044
5.09054
5.09065
5.09075
5.09085
5.09095
5.09105
5.09115
5.09125
5.09135
5.09146
5.09156
5.09166
5.09176
5.09186
5.09196
5.09206
5.09216
5.09227
5.09237
5.09247
5.09257
5.09267
5.09277
5.09287
5.09298
5.09308
5.09318
5.09328
5.09338
5.09348
5.09358
5.09369
5.09379
5.09389
5.09399
5.09409
5.09419
5.09429
5.0944
5.0945
5.0946
5.0947
5.0948
5.0949
5.09501
5.09511
5.09521
5.09531
5.09541
5.09551
5.09562
5.09572
5.09582
5.09592
5.09602
5.09612
5.09623
5.09633
5.09643
5.09653
5.09663
5.09673
5.09684
5.09694
5.09704
5.09714
5.09724
5.09735
5.09745
5.09755
5.09765
5.09775
5.09785
5.09796
5.09806
5.09816
5.09826
5.09836
5.09847
5.09857
5.09867
5.09877
5.09887
5.09898
5.09908
5.09918
5.09928
5.09938
5.09949
5.09959
5.09969
5.09979
5.0999
5.1
5.1001
5.1002
5.1003
5.10041
5.10051
5.10061
5.10071
5.10081
5.10092
5.10102
5.10112
5.10122
5.10133
5.10143
5.10153
5.10163
5.10174
5.10184
5.10194
5.10204
5.10214
5.10225
5.10235
5.10245
5.10255
5.10266
5.10276
5.10286
5.10296
5.10307
5.10317
5.10327
5.10337
5.10348
5.10358
5.10368
5.10378
5.10389
5.10399
5.10409
5.10419
5.1043
5.1044
5.1045
5.1046
5.10471
5.10481
5.10491
5.10502
5.10512
5.10522
5.10532
5.10543
5.10553
5.10563
5.10573
5.10584
5.10594
5.10604
5.10615
5.10625
5.10635
5.10645
5.10656
5.10666
5.10676
5.10687
5.10697
5.10707
5.10717
5.10728
5.10738
5.10748
5.10759
5.10769
5.10779
5.1079
5.108
5.1081
5.1082
5.10831
5.10841
5.10851
5.10862
5.10872
5.10882
5.10893
5.10903
5.10913
5.10924
5.10934
5.10944
5.10954
5.10965
5.10975
5.10985
5.10996
5.11006
5.11016
5.11027
5.11037
5.11047
5.11058
5.11068
5.11078
5.11089
5.11099
5.11109
5.1112
5.1113
5.1114
5.11151
5.11161
5.11171
5.11182
5.11192
5.11202
5.11213
5.11223
5.11233
5.11244
5.11254
5.11265
5.11275
5.11285
5.11296
5.11306
5.11316
5.11327
5.11337
5.11347
5.11358
5.11368
5.11378
5.11389
5.11399
5.1141
5.1142
5.1143
5.11441
5.11451
5.11461
5.11472
5.11482
5.11493
5.11503
5.11513
5.11524
5.11534
5.11544
5.11555
5.11565
5.11576
5.11586
5.11596
5.11607
5.11617
5.11628
5.11638
5.11648
5.11659
5.11669
5.1168
5.1169
5.117
5.11711
5.11721
5.11732
5.11742
5.11752
5.11763
5.11773
5.11784
5.11794
5.11804
5.11815
5.11825
5.11836
5.11846
5.11856
5.11867
5.11877
5.11888
5.11898
5.11909
5.11919
5.11929
5.1194
5.1195
5.11961
5.11971
5.11982
5.11992
5.12002
5.12013
5.12023
5.12034
5.12044
5.12055
5.12065
5.12075
5.12086
5.12096
5.12107
5.12117
5.12128
5.12138
5.12149
5.12159
5.1217
5.1218
5.1219
5.12201
5.12211
5.12222
5.12232
5.12243
5.12253
5.12264
5.12274
5.12285
5.12295
5.12305
5.12316
5.12326
5.12337
5.12347
5.12358
5.12368
5.12379
5.12389
5.124
5.1241
5.12421
5.12431
5.12442
5.12452
5.12463
5.12473
5.12484
5.12494
5.12505
5.12515
5.12526
5.12536
5.12547
5.12557
5.12568
5.12578
5.12589
5.12599
5.1261
5.1262
5.12631
5.12641
5.12652
5.12662
5.12673
5.12683
5.12694
5.12704
5.12715
5.12725
5.12736
5.12746
5.12757
5.12767
5.12778
5.12788
5.12799
5.12809
5.1282
5.1283
5.12841
5.12851
5.12862
5.12872
5.12883
5.12894
5.12904
5.12915
5.12925
5.12936
5.12946
5.12957
5.12967
5.12978
5.12988
5.12999
5.1301
5.1302
5.13031
5.13041
5.13052
5.13062
5.13073
5.13083
5.13094
5.13104
5.13115
5.13126
5.13136
5.13147
5.13157
5.13168
5.13178
5.13189
5.132
5.1321
5.13221
5.13231
5.13242
5.13252
5.13263
5.13274
5.13284
5.13295
5.13305
5.13316
5.13326
5.13337
5.13348
5.13358
5.13369
5.13379
5.1339
5.13401
5.13411
5.13422
5.13432
5.13443
5.13454
5.13464
5.13475
5.13485
5.13496
5.13507
5.13517
5.13528
5.13538
5.13549
5.1356
5.1357
5.13581
5.13591
5.13602
5.13613
5.13623
5.13634
5.13645
5.13655
5.13666
5.13676
5.13687
5.13698
5.13708
5.13719
5.1373
5.1374
5.13751
5.13761
5.13772
5.13783
5.13793
5.13804
5.13815
5.13825
5.13836
5.13846
5.13857
5.13868
5.13878
5.13889
5.139
5.1391
5.13921
5.13932
5.13942
5.13953
5.13964
5.13974
5.13985
5.13996
5.14006
5.14017
5.14028
5.14038
5.14049
5.1406
5.1407
5.14081
5.14092
5.14102
5.14113
5.14124
5.14134
5.14145
5.14156
5.14166
5.14177
5.14188
5.14198
5.14209
5.1422
5.1423
5.14241
5.14252
5.14262
5.14273
5.14284
5.14295
5.14305
5.14316
5.14327
5.14337
5.14348
5.14359
5.14369
5.1438
5.14391
5.14402
5.14412
5.14423
5.14434
5.14444
5.14455
5.14466
5.14477
5.14487
5.14498
5.14509
5.14519
5.1453
5.14541
5.14552
5.14562
5.14573
5.14584
5.14594
5.14605
5.14616
5.14627
5.14637
5.14648
5.14659
5.1467
5.1468
5.14691
5.14702
5.14713
5.14723
5.14734
5.14745
5.14755
5.14766
5.14777
5.14788
5.14798
5.14809
5.1482
5.14831
5.14842
5.14852
5.14863
5.14874
5.14885
5.14895
5.14906
5.14917
5.14928
5.14938
5.14949
5.1496
5.14971
5.14981
5.14992
5.15003
5.15014
5.15025
5.15035
5.15046
5.15057
5.15068
5.15078
5.15089
5.151
5.15111
5.15122
5.15132
5.15143
5.15154
5.15165
5.15176
5.15186
5.15197
5.15208
5.15219
5.1523
5.1524
5.15251
5.15262
5.15273
5.15284
5.15294
5.15305
5.15316
5.15327
5.15338
5.15348
5.15359
5.1537
5.15381
5.15392
5.15402
5.15413
5.15424
5.15435
5.15446
5.15457
5.15467
5.15478
5.15489
5.155
5.15511
5.15522
5.15532
5.15543
5.15554
5.15565
5.15576
5.15587
5.15597
5.15608
5.15619
5.1563
5.15641
5.15652
5.15662
5.15673
5.15684
5.15695
5.15706
5.15717
5.15728
5.15738
5.15749
5.1576
5.15771
5.15782
5.15793
5.15804
5.15814
5.15825
5.15836
5.15847
5.15858
5.15869
5.1588
5.15891
5.15901
5.15912
5.15923
5.15934
5.15945
5.15956
5.15967
5.15978
5.15989
5.15999
5.1601
5.16021
5.16032
5.16043
5.16054
5.16065
5.16076
5.16087
5.16097
5.16108
5.16119
5.1613
5.16141
5.16152
5.16163
5.16174
5.16185
5.16196
5.16206
5.16217
5.16228
5.16239
5.1625
5.16261
5.16272
5.16283
5.16294
5.16305
5.16316
5.16327
5.16338
5.16348
5.16359
5.1637
5.16381
5.16392
5.16403
5.16414
5.16425
5.16436
5.16447
5.16458
5.16469
5.1648
5.16491
5.16502
5.16512
5.16523
5.16534
5.16545
5.16556
5.16567
5.16578
5.16589
5.166
5.16611
5.16622
5.16633
5.16644
5.16655
5.16666
5.16677
5.16688
5.16699
5.1671
5.16721
5.16732
5.16743
5.16754
5.16765
5.16776
5.16787
5.16797
5.16808
5.16819
5.1683
5.16841
5.16852
5.16863
5.16874
5.16885
5.16896
5.16907
5.16918
5.16929
5.1694
5.16951
5.16962
5.16973
5.16984
5.16995
5.17006
5.17017
5.17028
5.17039
5.1705
5.17061
5.17072
5.17083
5.17094
5.17105
5.17116
5.17127
5.17138
5.17149
5.1716
5.17171
5.17182
5.17193
5.17205
5.17216
5.17227
5.17238
5.17249
5.1726
5.17271
5.17282
5.17293
5.17304
5.17315
5.17326
5.17337
5.17348
5.17359
5.1737
5.17381
5.17392
5.17403
5.17414
5.17425
5.17436
5.17447
5.17458
5.17469
5.17481
5.17492
5.17503
5.17514
5.17525
5.17536
5.17547
5.17558
5.17569
5.1758
5.17591
5.17602
5.17613
5.17624
5.17635
5.17646
5.17658
5.17669
5.1768
5.17691
5.17702
5.17713
5.17724
5.17735
5.17746
5.17757
5.17768
5.17779
5.17791
5.17802
5.17813
5.17824
5.17835
5.17846
5.17857
5.17868
5.17879
5.1789
5.17901
5.17913
5.17924
5.17935
5.17946
5.17957
5.17968
5.17979
5.1799
5.18001
5.18013
5.18024
5.18035
5.18046
5.18057
5.18068
5.18079
5.1809
5.18102
5.18113
5.18124
5.18135
5.18146
5.18157
5.18168
5.18179
5.18191
5.18202
5.18213
5.18224
5.18235
5.18246
5.18257
5.18269
5.1828
5.18291
5.18302
5.18313
5.18324
5.18335
5.18347
5.18358
5.18369
5.1838
5.18391
5.18402
5.18413
5.18425
5.18436
5.18447
5.18458
5.18469
5.1848
5.18492
5.18503
5.18514
5.18525
5.18536
5.18547
5.18559
5.1857
5.18581
5.18592
5.18603
5.18615
5.18626
5.18637
5.18648
5.18659
5.1867
5.18682
5.18693
5.18704
5.18715
5.18726
5.18738
5.18749
5.1876
5.18771
5.18782
5.18794
5.18805
5.18816
5.18827
5.18838
5.1885
5.18861
5.18872
5.18883
5.18894
5.18906
5.18917
5.18928
5.18939
5.1895
5.18962
5.18973
5.18984
5.18995
5.19007
5.19018
5.19029
5.1904
5.19052
5.19063
5.19074
5.19085
5.19096
5.19108
5.19119
5.1913
5.19141
5.19153
5.19164
5.19175
5.19186
5.19198
5.19209
5.1922
5.19231
5.19243
5.19254
5.19265
5.19276
5.19288
5.19299
5.1931
5.19321
5.19333
5.19344
5.19355
5.19366
5.19378
5.19389
5.194
5.19411
5.19423
5.19434
5.19445
5.19457
5.19468
5.19479
5.1949
5.19502
5.19513
5.19524
5.19535
5.19547
5.19558
5.19569
5.19581
5.19592
5.19603
5.19614
5.19626
5.19637
5.19648
5.1966
5.19671
5.19682
5.19694
5.19705
5.19716
5.19727
5.19739
5.1975
5.19761
5.19773
5.19784
5.19795
5.19807
5.19818
5.19829
5.19841
5.19852
5.19863
5.19874
5.19886
5.19897
5.19908
5.1992
5.19931
5.19942
5.19954
5.19965
5.19976
5.19988
5.19999
5.2001
5.20022
5.20033
5.20044
5.20056
5.20067
5.20078
5.2009
5.20101
5.20112
5.20124
5.20135
5.20146
5.20158
5.20169
5.2018
5.20192
5.20203
5.20215
5.20226
5.20237
5.20249
5.2026
5.20271
5.20283
5.20294
5.20305
5.20317
5.20328
5.2034
5.20351
5.20362
5.20374
5.20385
5.20396
5.20408
5.20419
5.20431
5.20442
5.20453
5.20465
5.20476
5.20487
5.20499
5.2051
5.20522
5.20533
5.20544
5.20556
5.20567
5.20579
5.2059
5.20601
5.20613
5.20624
5.20635
5.20647
5.20658
5.2067
5.20681
5.20693
5.20704
5.20715
5.20727
5.20738
5.2075
5.20761
5.20772
5.20784
5.20795
5.20807
5.20818
5.20829
5.20841
5.20852
5.20864
5.20875
5.20887
5.20898
5.20909
5.20921
5.20932
5.20944
5.20955
5.20967
5.20978
5.20989
5.21001
5.21012
5.21024
5.21035
5.21047
5.21058
5.2107
5.21081
5.21092
5.21104
5.21115
5.21127
5.21138
5.2115
5.21161
5.21173
5.21184
5.21195
5.21207
5.21218
5.2123
5.21241
5.21253
5.21264
5.21276
5.21287
5.21299
5.2131
5.21322
5.21333
5.21345
5.21356
5.21367
5.21379
5.2139
5.21402
5.21413
5.21425
5.21436
5.21448
5.21459
5.21471
5.21482
5.21494
5.21505
5.21517
5.21528
5.2154
5.21551
5.21563
5.21574
5.21586
5.21597
5.21609
5.2162
5.21632
5.21643
5.21655
5.21666
5.21678
5.21689
5.21701
5.21712
5.21724
5.21735
5.21747
5.21758
5.2177
5.21781
5.21793
5.21804
5.21816
5.21827
5.21839
5.21851
5.21862
5.21874
5.21885
5.21897
5.21908
5.2192
5.21931
5.21943
5.21954
5.21966
5.21977
5.21989
5.22
5.22012
5.22024
5.22035
5.22047
5.22058
5.2207
5.22081
5.22093
5.22104
5.22116
5.22127
5.22139
5.22151
5.22162
5.22174
5.22185
5.22197
5.22208
5.2222
5.22232
5.22243
5.22255
5.22266
5.22278
5.22289
5.22301
5.22312
5.22324
5.22336
5.22347
5.22359
5.2237
5.22382
5.22394
5.22405
5.22417
5.22428
5.2244
5.22451
5.22463
5.22475
5.22486
5.22498
5.22509
5.22521
5.22533
5.22544
5.22556
5.22567
5.22579
5.22591
5.22602
5.22614
5.22625
5.22637
5.22649
5.2266
5.22672
5.22683
5.22695
5.22707
5.22718
5.2273
5.22741
5.22753
5.22765
5.22776
5.22788
5.228
5.22811
5.22823
5.22834
5.22846
5.22858
5.22869
5.22881
5.22893
5.22904
5.22916
5.22927
5.22939
5.22951
5.22962
5.22974
5.22986
5.22997
5.23009
5.23021
5.23032
5.23044
5.23055
5.23067
5.23079
5.2309
5.23102
5.23114
5.23125
5.23137
5.23149
5.2316
5.23172
5.23184
5.23195
5.23207
5.23219
5.2323
5.23242
5.23254
5.23265
5.23277
5.23289
5.233
5.23312
5.23324
5.23335
5.23347
5.23359
5.2337
5.23382
5.23394
5.23405
5.23417
5.23429
5.2344
5.23452
5.23464
5.23475
5.23487
5.23499
5.23511
5.23522
5.23534
5.23546
5.23557
5.23569
5.23581
5.23592
5.23604
5.23616
5.23627
5.23639
5.23651
5.23663
5.23674
5.23686
5.23698
5.23709
5.23721
5.23733
5.23745
5.23756
5.23768
5.2378
5.23791
5.23803
5.23815
5.23827
5.23838
5.2385
5.23862
5.23873
5.23885
5.23897
5.23909
5.2392
5.23932
5.23944
5.23956
5.23967
5.23979
5.23991
5.24003
5.24014
5.24026
5.24038
5.24049
5.24061
5.24073
5.24085
5.24096
5.24108
5.2412
5.24132
5.24143
5.24155
5.24167
5.24179
5.2419
5.24202
5.24214
5.24226
5.24237
5.24249
5.24261
5.24273
5.24285
5.24296
5.24308
5.2432
5.24332
5.24343
5.24355
5.24367
5.24379
5.2439
5.24402
5.24414
5.24426
5.24438
5.24449
5.24461
5.24473
5.24485
5.24496
5.24508
5.2452
5.24532
5.24544
5.24555
5.24567
5.24579
5.24591
5.24603
5.24614
5.24626
5.24638
5.2465
5.24662
5.24673
5.24685
5.24697
5.24709
5.24721
5.24732
5.24744
5.24756
5.24768
5.2478
5.24791
5.24803
5.24815
5.24827
5.24839
5.2485
5.24862
5.24874
5.24886
5.24898
5.2491
5.24921
5.24933
5.24945
5.24957
5.24969
5.24981
5.24992
5.25004
5.25016
5.25028
5.2504
5.25052
5.25063
5.25075
5.25087
5.25099
5.25111
5.25123
5.25134
5.25146
5.25158
5.2517
5.25182
5.25194
5.25205
5.25217
5.25229
5.25241
5.25253
5.25265
5.25277
5.25288
5.253
5.25312
5.25324
5.25336
5.25348
5.2536
5.25371
5.25383
5.25395
5.25407
5.25419
5.25431
5.25443
5.25454
5.25466
5.25478
5.2549
5.25502
5.25514
5.25526
5.25538
5.25549
5.25561
5.25573
5.25585
5.25597
5.25609
5.25621
5.25633
5.25645
5.25656
5.25668
5.2568
5.25692
5.25704
5.25716
5.25728
5.2574
5.25752
5.25763
5.25775
5.25787
5.25799
5.25811
5.25823
5.25835
5.25847
5.25859
5.25871
5.25883
5.25894
5.25906
5.25918
5.2593
5.25942
5.25954
5.25966
5.25978
5.2599
5.26002
5.26014
5.26025
5.26037
5.26049
5.26061
5.26073
5.26085
5.26097
5.26109
5.26121
5.26133
5.26145
5.26157
5.26169
5.26181
5.26192
5.26204
5.26216
5.26228
5.2624
5.26252
5.26264
5.26276
5.26288
5.263
5.26312
5.26324
5.26336
5.26348
5.2636
5.26372
5.26384
5.26396
5.26407
5.26419
5.26431
5.26443
5.26455
5.26467
5.26479
5.26491
5.26503
5.26515
5.26527
5.26539
5.26551
5.26563
5.26575
5.26587
5.26599
5.26611
5.26623
5.26635
5.26647
5.26659
5.26671
5.26683
5.26695
5.26707
5.26719
5.26731
5.26743
5.26755
5.26767
5.26779
5.2679
5.26802
5.26814
5.26826
5.26838
5.2685
5.26862
5.26874
5.26886
5.26898
5.2691
5.26922
5.26934
5.26946
5.26958
5.2697
5.26982
5.26994
5.27006
5.27018
5.2703
5.27042
5.27054
5.27066
5.27078
5.2709
5.27102
5.27114
5.27126
5.27138
5.27151
5.27163
5.27175
5.27187
5.27199
5.27211
5.27223
5.27235
5.27247
5.27259
5.27271
5.27283
5.27295
5.27307
5.27319
5.27331
5.27343
5.27355
5.27367
5.27379
5.27391
5.27403
5.27415
5.27427
5.27439
5.27451
5.27463
5.27475
5.27487
5.27499
5.27511
5.27523
5.27535
5.27548
5.2756
5.27572
5.27584
5.27596
5.27608
5.2762
5.27632
5.27644
5.27656
5.27668
5.2768
5.27692
5.27704
5.27716
5.27728
5.2774
5.27752
5.27765
5.27777
5.27789
5.27801
5.27813
5.27825
5.27837
5.27849
5.27861
5.27873
5.27885
5.27897
5.27909
5.27921
5.27934
5.27946
5.27958
5.2797
5.27982
5.27994
5.28006
5.28018
5.2803
5.28042
5.28054
5.28066
5.28079
5.28091
5.28103
5.28115
5.28127
5.28139
5.28151
5.28163
5.28175
5.28187
5.28199
5.28212
5.28224
5.28236
5.28248
5.2826
5.28272
5.28284
5.28296
5.28308
5.2832
5.28333
5.28345
5.28357
5.28369
5.28381
5.28393
5.28405
5.28417
5.28429
5.28442
5.28454
5.28466
5.28478
5.2849
5.28502
5.28514
5.28526
5.28539
5.28551
5.28563
5.28575
5.28587
5.28599
5.28611
5.28623
5.28636
5.28648
5.2866
5.28672
5.28684
5.28696
5.28708
5.2872
5.28733
5.28745
5.28757
5.28769
5.28781
5.28793
5.28805
5.28818
5.2883
5.28842
5.28854
5.28866
5.28878
5.2889
5.28903
5.28915
5.28927
5.28939
5.28951
5.28963
5.28976
5.28988
5.29
5.29012
5.29024
5.29036
5.29048
5.29061
5.29073
5.29085
5.29097
5.29109
5.29121
5.29134
5.29146
5.29158
5.2917
5.29182
5.29194
5.29207
5.29219
5.29231
5.29243
5.29255
5.29268
5.2928
5.29292
5.29304
5.29316
5.29328
5.29341
5.29353
5.29365
5.29377
5.29389
5.29402
5.29414
5.29426
5.29438
5.2945
5.29462
5.29475
5.29487
5.29499
5.29511
5.29523
5.29536
5.29548
5.2956
5.29572
5.29584
5.29597
5.29609
5.29621
5.29633
5.29645
5.29658
5.2967
5.29682
5.29694
5.29706
5.29719
5.29731
5.29743
5.29755
5.29767
5.2978
5.29792
5.29804
5.29816
5.29829
5.29841
5.29853
5.29865
5.29877
5.2989
5.29902
5.29914
5.29926
5.29938
5.29951
5.29963
5.29975
5.29987
5.3
5.30012
5.30024
5.30036
5.30049
5.30061
5.30073
5.30085
5.30097
5.3011
5.30122
5.30134
5.30146
5.30159
5.30171
5.30183
5.30195
5.30208
5.3022
5.30232
5.30244
5.30257
5.30269
5.30281
5.30293
5.30306
5.30318
5.3033
5.30342
5.30355
5.30367
5.30379
5.30391
5.30404
5.30416
5.30428
5.3044
5.30453
5.30465
5.30477
5.30489
5.30502
5.30514
5.30526
5.30538
5.30551
5.30563
5.30575
5.30587
5.306
5.30612
5.30624
5.30636
5.30649
5.30661
5.30673
5.30686
5.30698
5.3071
5.30722
5.30735
5.30747
5.30759
5.30771
5.30784
5.30796
5.30808
5.30821
5.30833
5.30845
5.30857
5.3087
5.30882
5.30894
5.30907
5.30919
5.30931
5.30943
5.30956
5.30968
5.3098
5.30993
5.31005
5.31017
5.31029
5.31042
5.31054
5.31066
5.31079
5.31091
5.31103
5.31116
5.31128
5.3114
5.31152
5.31165
5.31177
5.31189
5.31202
5.31214
5.31226
5.31239
5.31251
5.31263
5.31275
5.31288
5.313
5.31312
5.31325
5.31337
5.31349
5.31362
5.31374
5.31386
5.31399
5.31411
5.31423
5.31436
5.31448
5.3146
5.31472
5.31485
5.31497
5.31509
5.31522
5.31534
5.31546
5.31559
5.31571
5.31583
5.31596
5.31608
5.3162
5.31633
5.31645
5.31657
5.3167
5.31682
5.31694
5.31707
5.31719
5.31731
5.31744
5.31756
5.31768
5.31781
5.31793
5.31805
5.31818
5.3183
5.31842
5.31855
5.31867
5.31879
5.31892
5.31904
5.31916
5.31929
5.31941
5.31953
5.31966
5.31978
5.3199
5.32003
5.32015
5.32028
5.3204
5.32052
5.32065
5.32077
5.32089
5.32102
5.32114
5.32126
5.32139
5.32151
5.32163
5.32176
5.32188
5.32201
5.32213
5.32225
5.32238
5.3225
5.32262
5.32275
5.32287
5.32299
5.32312
5.32324
5.32337
5.32349
5.32361
5.32374
5.32386
5.32398
5.32411
5.32423
5.32435
5.32448
5.3246
5.32473
5.32485
5.32497
5.3251
5.32522
5.32535
5.32547
5.32559
5.32572
5.32584
5.32596
5.32609
5.32621
5.32634
5.32646
5.32658
5.32671
5.32683
5.32695
5.32708
5.3272
5.32733
5.32745
5.32757
5.3277
5.32782
5.32795
5.32807
5.32819
5.32832
5.32844
5.32857
5.32869
5.32881
5.32894
5.32906
5.32919
5.32931
5.32943
5.32956
5.32968
5.32981
5.32993
5.33005
5.33018
5.3303
5.33043
5.33055
5.33067
5.3308
5.33092
5.33105
5.33117
5.33129
5.33142
5.33154
5.33167
5.33179
5.33191
5.33204
5.33216
5.33229
5.33241
5.33254
5.33266
5.33278
5.33291
5.33303
5.33316
5.33328
5.3334
5.33353
5.33365
5.33378
5.3339
5.33403
5.33415
5.33427
5.3344
5.33452
5.33465
5.33477
5.33489
5.33502
5.33514
5.33527
5.33539
5.33552
5.33564
5.33576
5.33589
5.33601
5.33614
5.33626
5.33639
5.33651
5.33664
5.33676
5.33688
5.33701
5.33713
5.33726
5.33738
5.33751
5.33763
5.33775
5.33788
5.338
5.33813
5.33825
5.33838
5.3385
5.33863
5.33875
5.33887
5.339
5.33912
5.33925
5.33937
5.3395
5.33962
5.33975
5.33987
5.33999
5.34012
5.34024
5.34037
5.34049
5.34062
5.34074
5.34087
5.34099
5.34112
5.34124
5.34136
5.34149
5.34161
5.34174
5.34186
5.34199
5.34211
5.34224
5.34236
5.34249
5.34261
5.34273
5.34286
5.34298
5.34311
5.34323
5.34336
5.34348
5.34361
5.34373
5.34386
5.34398
5.34411
5.34423
5.34435
5.34448
5.3446
5.34473
5.34485
5.34498
5.3451
5.34523
5.34535
5.34548
5.3456
5.34573
5.34585
5.34598
5.3461
5.34623
5.34635
5.34648
5.3466
5.34672
5.34685
5.34697
5.3471
5.34722
5.34735
5.34747
5.3476
5.34772
5.34785
5.34797
5.3481
5.34822
5.34835
5.34847
5.3486
5.34872
5.34885
5.34897
5.3491
5.34922
5.34935
5.34947
5.3496
5.34972
5.34985
5.34997
5.3501
5.35022
5.35034
5.35047
5.35059
5.35072
5.35084
5.35097
5.35109
5.35122
5.35134
5.35147
5.35159
5.35172
5.35184
5.35197
5.35209
5.35222
5.35234
5.35247
5.35259
5.35272
5.35284
5.35297
5.35309
5.35322
5.35334
5.35347
5.35359
5.35372
5.35384
5.35397
5.35409
5.35422
5.35434
5.35447
5.35459
5.35472
5.35484
5.35497
5.35509
5.35522
5.35534
5.35547
5.3556
5.35572
5.35585
5.35597
5.3561
5.35622
5.35635
5.35647
5.3566
5.35672
5.35685
5.35697
5.3571
5.35722
5.35735
5.35747
5.3576
5.35772
5.35785
5.35797
5.3581
5.35822
5.35835
5.35847
5.3586
5.35872
5.35885
5.35897
5.3591
5.35922
5.35935
5.35948
5.3596
5.35973
5.35985
5.35998
5.3601
5.36023
5.36035
5.36048
5.3606
5.36073
5.36085
5.36098
5.3611
5.36123
5.36135
5.36148
5.3616
5.36173
5.36186
5.36198
5.36211
5.36223
5.36236
5.36248
5.36261
5.36273
5.36286
5.36298
5.36311
5.36323
5.36336
5.36348
5.36361
5.36373
5.36386
5.36399
5.36411
5.36424
5.36436
5.36449
5.36461
5.36474
5.36486
5.36499
5.36511
5.36524
5.36536
5.36549
5.36562
5.36574
5.36587
5.36599
5.36612
5.36624
5.36637
5.36649
5.36662
5.36674
5.36687
5.367
5.36712
5.36725
5.36737
5.3675
5.36762
5.36775
5.36787
5.368
5.36812
5.36825
5.36838
5.3685
5.36863
5.36875
5.36888
5.369
5.36913
5.36925
5.36938
5.3695
5.36963
5.36976
5.36988
5.37001
5.37013
5.37026
5.37038
5.37051
5.37063
5.37076
5.37089
5.37101
5.37114
5.37126
5.37139
5.37151
5.37164
5.37176
5.37189
5.37202
5.37214
5.37227
5.37239
5.37252
5.37264
5.37277
5.37289
5.37302
5.37315
5.37327
5.3734
5.37352
5.37365
5.37377
5.3739
5.37402
5.37415
5.37428
5.3744
5.37453
5.37465
5.37478
5.3749
5.37503
5.37516
5.37528
5.37541
5.37553
5.37566
5.37578
5.37591
5.37603
5.37616
5.37629
5.37641
5.37654
5.37666
5.37679
5.37691
5.37704
5.37717
5.37729
5.37742
5.37754
5.37767
5.37779
5.37792
5.37805
5.37817
5.3783
5.37842
5.37855
5.37867
5.3788
5.37893
5.37905
5.37918
5.3793
5.37943
5.37955
5.37968
5.37981
5.37993
5.38006
5.38018
5.38031
5.38043
5.38056
5.38069
5.38081
5.38094
5.38106
5.38119
5.38131
5.38144
5.38157
5.38169
5.38182
5.38194
5.38207
5.38219
5.38232
5.38245
5.38257
5.3827
5.38282
5.38295
5.38307
5.3832
5.38333
5.38345
5.38358
5.3837
5.38383
5.38396
5.38408
5.38421
5.38433
5.38446
5.38458
5.38471
5.38484
5.38496
5.38509
5.38521
5.38534
5.38546
5.38559
5.38572
5.38584
5.38597
5.38609
5.38622
5.38635
5.38647
5.3866
5.38672
5.38685
5.38697
5.3871
5.38723
5.38735
5.38748
5.3876
5.38773
5.38786
5.38798
5.38811
5.38823
5.38836
5.38848
5.38861
5.38874
5.38886
5.38899
5.38911
5.38924
5.38937
5.38949
5.38962
5.38974
5.38987
5.39
5.39012
5.39025
5.39037
5.3905
5.39062
5.39075
5.39088
5.391
5.39113
5.39125
5.39138
5.39151
5.39163
5.39176
5.39188
5.39201
5.39213
5.39226
5.39239
5.39251
5.39264
5.39276
5.39289
5.39302
5.39314
5.39327
5.39339
5.39352
5.39365
5.39377
5.3939
5.39402
5.39415
5.39428
5.3944
5.39453
5.39465
5.39478
5.3949
5.39503
5.39516
5.39528
5.39541
5.39553
5.39566
5.39579
5.39591
5.39604
5.39616
5.39629
5.39642
5.39654
5.39667
5.39679
5.39692
5.39705
5.39717
5.3973
5.39742
5.39755
5.39767
5.3978
5.39793
5.39805
5.39818
5.3983
5.39843
5.39856
5.39868
5.39881
5.39893
5.39906
5.39919
5.39931
5.39944
5.39956
5.39969
5.39982
5.39994
5.40007
5.40019
5.40032
5.40045
5.40057
5.4007
5.40082
5.40095
5.40107
5.4012
5.40133
5.40145
5.40158
5.4017
5.40183
5.40196
5.40208
5.40221
5.40233
5.40246
5.40259
5.40271
5.40284
5.40296
5.40309
5.40322
5.40334
5.40347
5.40359
5.40372
5.40385
5.40397
5.4041
5.40422
5.40435
5.40448
5.4046
5.40473
5.40485
5.40498
5.4051
5.40523
5.40536
5.40548
5.40561
5.40573
5.40586
5.40599
5.40611
5.40624
5.40636
5.40649
5.40662
5.40674
5.40687
5.40699
5.40712
5.40725
5.40737
5.4075
5.40762
5.40775
5.40788
5.408
5.40813
5.40825
5.40838
5.40851
5.40863
5.40876
5.40888
5.40901
5.40913
5.40926
5.40939
5.40951
5.40964
5.40976
5.40989
5.41002
5.41014
5.41027
5.41039
5.41052
5.41065
5.41077
5.4109
5.41102
5.41115
5.41128
5.4114
5.41153
5.41165
5.41178
5.41191
5.41203
5.41216
5.41228
5.41241
5.41253
5.41266
5.41279
5.41291
5.41304
5.41316
5.41329
5.41342
5.41354
5.41367
5.41379
5.41392
5.41405
5.41417
5.4143
5.41442
5.41455
5.41468
5.4148
5.41493
5.41505
5.41518
5.4153
5.41543
5.41556
5.41568
5.41581
5.41593
5.41606
5.41619
5.41631
5.41644
5.41656
5.41669
5.41682
5.41694
5.41707
5.41719
5.41732
5.41744
5.41757
5.4177
5.41782
5.41795
5.41807
5.4182
5.41833
5.41845
5.41858
5.4187
5.41883
5.41895
5.41908
5.41921
5.41933
5.41946
5.41958
5.41971
5.41984
5.41996
5.42009
5.42021
5.42034
5.42047
5.42059
5.42072
5.42084
5.42097
5.42109
5.42122
5.42135
5.42147
5.4216
5.42172
5.42185
5.42198
5.4221
5.42223
5.42235
5.42248
5.4226
5.42273
5.42286
5.42298
5.42311
5.42323
5.42336
5.42348
5.42361
5.42374
5.42386
5.42399
5.42411
5.42424
5.42437
5.42449
5.42462
5.42474
5.42487
5.42499
5.42512
5.42525
5.42537
5.4255
5.42562
5.42575
5.42587
5.426
5.42613
5.42625
5.42638
5.4265
5.42663
5.42675
5.42688
5.42701
5.42713
5.42726
5.42738
5.42751
5.42763
5.42776
5.42789
5.42801
5.42814
5.42826
5.42839
5.42852
5.42864
5.42877
5.42889
5.42902
5.42914
5.42927
5.42939
5.42952
5.42965
5.42977
5.4299
5.43002
5.43015
5.43027
5.4304
5.43053
5.43065
5.43078
5.4309
5.43103
5.43115
5.43128
5.43141
5.43153
5.43166
5.43178
5.43191
5.43203
5.43216
5.43229
5.43241
5.43254
5.43266
5.43279
5.43291
5.43304
5.43316
5.43329
5.43342
5.43354
5.43367
5.43379
5.43392
5.43404
5.43417
5.4343
5.43442
5.43455
5.43467
5.4348
5.43492
5.43505
5.43517
5.4353
5.43543
5.43555
5.43568
5.4358
5.43593
5.43605
5.43618
5.4363
5.43643
5.43656
5.43668
5.43681
5.43693
5.43706
5.43718
5.43731
5.43743
5.43756
5.43769
5.43781
5.43794
5.43806
5.43819
5.43831
5.43844
5.43856
5.43869
5.43881
5.43894
5.43907
5.43919
5.43932
5.43944
5.43957
5.43969
5.43982
5.43994
5.44007
5.44019
5.44032
5.44045
5.44057
5.4407
5.44082
5.44095
5.44107
5.4412
5.44132
5.44145
5.44157
5.4417
5.44183
5.44195
5.44208
5.4422
5.44233
5.44245
5.44258
5.4427
5.44283
5.44295
5.44308
5.4432
5.44333
5.44345
5.44358
5.44371
5.44383
5.44396
5.44408
5.44421
5.44433
5.44446
5.44458
5.44471
5.44483
5.44496
5.44508
5.44521
5.44533
5.44546
5.44559
5.44571
5.44584
5.44596
5.44609
5.44621
5.44634
5.44646
5.44659
5.44671
5.44684
5.44696
5.44709
5.44721
5.44734
5.44746
5.44759
5.44771
5.44784
5.44796
5.44809
5.44822
5.44834
5.44847
5.44859
5.44872
5.44884
5.44897
5.44909
5.44922
5.44934
5.44947
5.44959
5.44972
5.44984
5.44997
5.45009
5.45022
5.45034
5.45047
5.45059
5.45072
5.45084
5.45097
5.45109
5.45122
5.45134
5.45147
5.45159
5.45172
5.45184
5.45197
5.45209
5.45222
5.45234
5.45247
5.45259
5.45272
5.45284
5.45297
5.45309
5.45322
5.45334
5.45347
5.45359
5.45372
5.45384
5.45397
5.45409
5.45422
5.45434
5.45447
5.45459
5.45472
5.45484
5.45497
5.45509
5.45522
5.45534
5.45547
5.45559
5.45572
5.45584
5.45597
5.45609
5.45622
5.45634
5.45647
5.45659
5.45672
5.45684
5.45697
5.45709
5.45722
5.45734
5.45747
5.45759
5.45772
5.45784
5.45797
5.45809
5.45822
5.45834
5.45846
5.45859
5.45871
5.45884
5.45896
5.45909
5.45921
5.45934
5.45946
5.45959
5.45971
5.45984
5.45996
5.46009
5.46021
5.46034
5.46046
5.46059
5.46071
5.46083
5.46096
5.46108
5.46121
5.46133
5.46146
5.46158
5.46171
5.46183
5.46196
5.46208
5.46221
5.46233
5.46246
5.46258
5.4627
5.46283
5.46295
5.46308
5.4632
5.46333
5.46345
5.46358
5.4637
5.46383
5.46395
5.46407
5.4642
5.46432
5.46445
5.46457
5.4647
5.46482
5.46495
5.46507
5.4652
5.46532
5.46544
5.46557
5.46569
5.46582
5.46594
5.46607
5.46619
5.46632
5.46644
5.46656
5.46669
5.46681
5.46694
5.46706
5.46719
5.46731
5.46743
5.46756
5.46768
5.46781
5.46793
5.46806
5.46818
5.4683
5.46843
5.46855
5.46868
5.4688
5.46893
5.46905
5.46918
5.4693
5.46942
5.46955
5.46967
5.4698
5.46992
5.47004
5.47017
5.47029
5.47042
5.47054
5.47067
5.47079
5.47091
5.47104
5.47116
5.47129
5.47141
5.47154
5.47166
5.47178
5.47191
5.47203
5.47216
5.47228
5.4724
5.47253
5.47265
5.47278
5.4729
5.47302
5.47315
5.47327
5.4734
5.47352
5.47364
5.47377
5.47389
5.47402
5.47414
5.47426
5.47439
5.47451
5.47464
5.47476
5.47488
5.47501
5.47513
5.47526
5.47538
5.4755
5.47563
5.47575
5.47588
5.476
5.47612
5.47625
5.47637
5.4765
5.47662
5.47674
5.47687
5.47699
5.47711
5.47724
5.47736
5.47749
5.47761
5.47773
5.47786
5.47798
5.4781
5.47823
5.47835
5.47848
5.4786
5.47872
5.47885
5.47897
5.47909
5.47922
5.47934
5.47947
5.47959
5.47971
5.47984
5.47996
5.48008
5.48021
5.48033
5.48045
5.48058
5.4807
5.48083
5.48095
5.48107
5.4812
5.48132
5.48144
5.48157
5.48169
5.48181
5.48194
5.48206
5.48218
5.48231
5.48243
5.48256
5.48268
5.4828
5.48293
5.48305
5.48317
5.4833
5.48342
5.48354
5.48367
5.48379
5.48391
5.48404
5.48416
5.48428
5.48441
5.48453
5.48465
5.48478
5.4849
5.48502
5.48515
5.48527
5.48539
5.48552
5.48564
5.48576
5.48589
5.48601
5.48613
5.48626
5.48638
5.4865
5.48663
5.48675
5.48687
5.487
5.48712
5.48724
5.48737
5.48749
5.48761
5.48773
5.48786
5.48798
5.4881
5.48823
5.48835
5.48847
5.4886
5.48872
5.48884
5.48897
5.48909
5.48921
5.48933
5.48946
5.48958
5.4897
5.48983
5.48995
5.49007
5.4902
5.49032
5.49044
5.49056
5.49069
5.49081
5.49093
5.49106
5.49118
5.4913
5.49142
5.49155
5.49167
5.49179
5.49192
5.49204
5.49216
5.49228
5.49241
5.49253
5.49265
5.49278
5.4929
5.49302
5.49314
5.49327
5.49339
5.49351
5.49363
5.49376
5.49388
5.494
5.49413
5.49425
5.49437
5.49449
5.49462
5.49474
5.49486
5.49498
5.49511
5.49523
5.49535
5.49547
5.4956
5.49572
5.49584
5.49596
5.49609
5.49621
5.49633
5.49645
5.49658
5.4967
5.49682
5.49694
5.49707
5.49719
5.49731
5.49743
5.49756
5.49768
5.4978
5.49792
5.49805
5.49817
5.49829
5.49841
5.49854
5.49866
5.49878
5.4989
5.49902
5.49915
5.49927
5.49939
5.49951
5.49964
5.49976
5.49988
5.5
5.50012
5.50025
5.50037
5.50049
5.50061
5.50074
5.50086
5.50098
5.5011
5.50122
5.50135
5.50147
5.50159
5.50171
5.50183
5.50196
5.50208
5.5022
5.50232
5.50244
5.50257
5.50269
5.50281
5.50293
5.50305
5.50318
5.5033
5.50342
5.50354
5.50366
5.50379
5.50391
5.50403
5.50415
5.50427
5.5044
5.50452
5.50464
5.50476
5.50488
5.505
5.50513
5.50525
5.50537
5.50549
5.50561
5.50574
5.50586
5.50598
5.5061
5.50622
5.50634
5.50647
5.50659
5.50671
5.50683
5.50695
5.50707
5.5072
5.50732
5.50744
5.50756
5.50768
5.5078
5.50792
5.50805
5.50817
5.50829
5.50841
5.50853
5.50865
5.50877
5.5089
5.50902
5.50914
5.50926
5.50938
5.5095
5.50962
5.50975
5.50987
5.50999
5.51011
5.51023
5.51035
5.51047
5.5106
5.51072
5.51084
5.51096
5.51108
5.5112
5.51132
5.51144
5.51157
5.51169
5.51181
5.51193
5.51205
5.51217
5.51229
5.51241
5.51253
5.51266
5.51278
5.5129
5.51302
5.51314
5.51326
5.51338
5.5135
5.51362
5.51375
5.51387
5.51399
5.51411
5.51423
5.51435
5.51447
5.51459
5.51471
5.51483
5.51495
5.51508
5.5152
5.51532
5.51544
5.51556
5.51568
5.5158
5.51592
5.51604
5.51616
5.51628
5.5164
5.51652
5.51665
5.51677
5.51689
5.51701
5.51713
5.51725
5.51737
5.51749
5.51761
5.51773
5.51785
5.51797
5.51809
5.51821
5.51833
5.51845
5.51858
5.5187
5.51882
5.51894
5.51906
5.51918
5.5193
5.51942
5.51954
5.51966
5.51978
5.5199
5.52002
5.52014
5.52026
5.52038
5.5205
5.52062
5.52074
5.52086
5.52098
5.5211
5.52122
5.52134
5.52146
5.52158
5.5217
5.52183
5.52195
5.52207
5.52219
5.52231
5.52243
5.52255
5.52267
5.52279
5.52291
5.52303
5.52315
5.52327
5.52339
5.52351
5.52363
5.52375
5.52387
5.52399
5.52411
5.52423
5.52435
5.52447
5.52459
5.52471
5.52483
5.52495
5.52507
5.52519
5.52531
5.52543
5.52554
5.52566
5.52578
5.5259
5.52602
5.52614
5.52626
5.52638
5.5265
5.52662
5.52674
5.52686
5.52698
5.5271
5.52722
5.52734
5.52746
5.52758
5.5277
5.52782
5.52794
5.52806
5.52818
5.5283
5.52842
5.52854
5.52866
5.52877
5.52889
5.52901
5.52913
5.52925
5.52937
5.52949
5.52961
5.52973
5.52985
5.52997
5.53009
5.53021
5.53033
5.53045
5.53056
5.53068
5.5308
5.53092
5.53104
5.53116
5.53128
5.5314
5.53152
5.53164
5.53176
5.53188
5.53199
5.53211
5.53223
5.53235
5.53247
5.53259
5.53271
5.53283
5.53295
5.53307
5.53318
5.5333
5.53342
5.53354
5.53366
5.53378
5.5339
5.53402
5.53414
5.53425
5.53437
5.53449
5.53461
5.53473
5.53485
5.53497
5.53509
5.5352
5.53532
5.53544
5.53556
5.53568
5.5358
5.53592
5.53604
5.53615
5.53627
5.53639
5.53651
5.53663
5.53675
5.53687
5.53698
5.5371
5.53722
5.53734
5.53746
5.53758
5.53769
5.53781
5.53793
5.53805
5.53817
5.53829
5.5384
5.53852
5.53864
5.53876
5.53888
5.539
5.53911
5.53923
5.53935
5.53947
5.53959
5.53971
5.53982
5.53994
5.54006
5.54018
5.5403
5.54041
5.54053
5.54065
5.54077
5.54089
5.541
5.54112
5.54124
5.54136
5.54148
5.54159
5.54171
5.54183
5.54195
5.54207
5.54218
5.5423
5.54242
5.54254
5.54265
5.54277
5.54289
5.54301
5.54313
5.54324
5.54336
5.54348
5.5436
5.54371
5.54383
5.54395
5.54407
5.54418
5.5443
5.54442
5.54454
5.54465
5.54477
5.54489
5.54501
5.54512
5.54524
5.54536
5.54548
5.54559
5.54571
5.54583
5.54595
5.54606
5.54618
5.5463
5.54642
5.54653
5.54665
5.54677
5.54689
5.547
5.54712
5.54724
5.54735
5.54747
5.54759
5.54771
5.54782
5.54794
5.54806
5.54817
5.54829
5.54841
5.54853
5.54864
5.54876
5.54888
5.54899
5.54911
5.54923
5.54934
5.54946
5.54958
5.54969
5.54981
5.54993
5.55005
5.55016
5.55028
5.5504
5.55051
5.55063
5.55075
5.55086
5.55098
5.5511
5.55121
5.55133
5.55145
5.55156
5.55168
5.5518
5.55191
5.55203
5.55215
5.55226
5.55238
5.55249
5.55261
5.55273
5.55284
5.55296
5.55308
5.55319
5.55331
5.55343
5.55354
5.55366
5.55378
5.55389
5.55401
5.55412
5.55424
5.55436
5.55447
5.55459
5.55471
5.55482
5.55494
5.55505
5.55517
5.55529
5.5554
5.55552
5.55563
5.55575
5.55587
5.55598
5.5561
5.55621
5.55633
5.55645
5.55656
5.55668
5.55679
5.55691
5.55703
5.55714
5.55726
5.55737
5.55749
5.5576
5.55772
5.55784
5.55795
5.55807
5.55818
5.5583
5.55841
5.55853
5.55865
5.55876
5.55888
5.55899
5.55911
5.55922
5.55934
5.55945
5.55957
5.55969
5.5598
5.55992
5.56003
5.56015
5.56026
5.56038
5.56049
5.56061
5.56072
5.56084
5.56095
5.56107
5.56119
5.5613
5.56142
5.56153
5.56165
5.56176
5.56188
5.56199
5.56211
5.56222
5.56234
5.56245
5.56257
5.56268
5.5628
5.56291
5.56303
5.56314
5.56326
5.56337
5.56349
5.5636
5.56372
5.56383
5.56395
5.56406
5.56418
5.56429
5.56441
5.56452
5.56463
5.56475
5.56486
5.56498
5.56509
5.56521
5.56532
5.56544
5.56555
5.56567
5.56578
5.5659
5.56601
5.56612
5.56624
5.56635
5.56647
5.56658
5.5667
5.56681
5.56693
5.56704
5.56715
5.56727
5.56738
5.5675
5.56761
5.56773
5.56784
5.56795
5.56807
5.56818
5.5683
5.56841
5.56853
5.56864
5.56875
5.56887
5.56898
5.5691
5.56921
5.56932
5.56944
5.56955
5.56967
5.56978
5.56989
5.57001
5.57012
5.57024
5.57035
5.57046
5.57058
5.57069
5.5708
5.57092
5.57103
5.57115
5.57126
5.57137
5.57149
5.5716
5.57171
5.57183
5.57194
5.57205
5.57217
5.57228
5.57239
5.57251
5.57262
5.57274
5.57285
5.57296
5.57308
5.57319
5.5733
5.57342
5.57353
5.57364
5.57376
5.57387
5.57398
5.5741
5.57421
5.57432
5.57443
5.57455
5.57466
5.57477
5.57489
5.575
5.57511
5.57523
5.57534
5.57545
5.57557
5.57568
5.57579
5.5759
5.57602
5.57613
5.57624
5.57636
5.57647
5.57658
5.57669
5.57681
5.57692
5.57703
5.57715
5.57726
5.57737
5.57748
5.5776
5.57771
5.57782
5.57793
5.57805
5.57816
5.57827
5.57838
5.5785
5.57861
5.57872
5.57883
5.57895
5.57906
5.57917
5.57928
5.5794
5.57951
5.57962
5.57973
5.57984
5.57996
5.58007
5.58018
5.58029
5.58041
5.58052
5.58063
5.58074
5.58085
5.58097
5.58108
5.58119
5.5813
5.58141
5.58153
5.58164
5.58175
5.58186
5.58197
5.58209
5.5822
5.58231
5.58242
5.58253
5.58265
5.58276
5.58287
5.58298
5.58309
5.5832
5.58332
5.58343
5.58354
5.58365
5.58376
5.58387
5.58398
5.5841
5.58421
5.58432
5.58443
5.58454
5.58465
5.58476
5.58488
5.58499
5.5851
5.58521
5.58532
5.58543
5.58554
5.58566
5.58577
5.58588
5.58599
5.5861
5.58621
5.58632
5.58643
5.58654
5.58666
5.58677
5.58688
5.58699
5.5871
5.58721
5.58732
5.58743
5.58754
5.58765
5.58776
5.58788
5.58799
5.5881
5.58821
5.58832
5.58843
5.58854
5.58865
5.58876
5.58887
5.58898
5.58909
5.5892
5.58931
5.58943
5.58954
5.58965
5.58976
5.58987
5.58998
5.59009
5.5902
5.59031
5.59042
5.59053
5.59064
5.59075
5.59086
5.59097
5.59108
5.59119
5.5913
5.59141
5.59152
5.59163
5.59174
5.59185
5.59196
5.59207
5.59218
5.59229
5.5924
5.59251
5.59262
5.59273
5.59284
5.59295
5.59306
5.59317
5.59328
5.59339
5.5935
5.59361
5.59372
5.59383
5.59394
5.59405
5.59416
5.59427
5.59438
5.59449
5.5946
5.59471
5.59482
5.59493
5.59504
5.59514
5.59525
5.59536
5.59547
5.59558
5.59569
5.5958
5.59591
5.59602
5.59613
5.59624
5.59635
5.59646
5.59657
5.59667
5.59678
5.59689
5.597
5.59711
5.59722
5.59733
5.59744
5.59755
5.59766
5.59777
5.59787
5.59798
5.59809
5.5982
5.59831
5.59842
5.59853
5.59864
5.59874
5.59885
5.59896
5.59907
5.59918
5.59929
5.5994
5.59951
5.59961
5.59972
5.59983
5.59994
5.60005
5.60016
5.60026
5.60037
5.60048
5.60059
5.6007
5.60081
5.60091
5.60102
5.60113
5.60124
5.60135
5.60146
5.60156
5.60167
5.60178
5.60189
5.602
5.6021
5.60221
5.60232
5.60243
5.60254
5.60264
5.60275
5.60286
5.60297
5.60308
5.60318
5.60329
5.6034
5.60351
5.60362
5.60372
5.60383
5.60394
5.60405
5.60415
5.60426
5.60437
5.60448
5.60458
5.60469
5.6048
5.60491
5.60501
5.60512
5.60523
5.60534
5.60544
5.60555
5.60566
5.60577
5.60587
5.60598
5.60609
5.60619
5.6063
5.60641
5.60652
5.60662
5.60673
5.60684
5.60694
5.60705
5.60716
5.60727
5.60737
5.60748
5.60759
5.60769
5.6078
5.60791
5.60801
5.60812
5.60823
5.60833
5.60844
5.60855
5.60865
5.60876
5.60887
5.60897
5.60908
5.60919
5.60929
5.6094
5.60951
5.60961
5.60972
5.60983
5.60993
5.61004
5.61015
5.61025
5.61036
5.61046
5.61057
5.61068
5.61078
5.61089
5.611
5.6111
5.61121
5.61131
5.61142
5.61153
5.61163
5.61174
5.61184
5.61195
5.61206
5.61216
5.61227
5.61237
5.61248
5.61259
5.61269
5.6128
5.6129
5.61301
5.61311
5.61322
5.61333
5.61343
5.61354
5.61364
5.61375
5.61385
5.61396
5.61407
5.61417
5.61428
5.61438
5.61449
5.61459
5.6147
5.6148
5.61491
5.61501
5.61512
5.61522
5.61533
5.61543
5.61554
5.61564
5.61575
5.61586
5.61596
5.61607
5.61617
5.61628
5.61638
5.61649
5.61659
5.6167
5.6168
5.6169
5.61701
5.61711
5.61722
5.61732
5.61743
5.61753
5.61764
5.61774
5.61785
5.61795
5.61806
5.61816
5.61827
5.61837
5.61847
5.61858
5.61868
5.61879
5.61889
5.619
5.6191
5.61921
5.61931
5.61941
5.61952
5.61962
5.61973
5.61983
5.61994
5.62004
5.62014
5.62025
5.62035
5.62046
5.62056
5.62066
5.62077
5.62087
5.62098
5.62108
5.62118
5.62129
5.62139
5.62149
5.6216
5.6217
5.62181
5.62191
5.62201
5.62212
5.62222
5.62232
5.62243
5.62253
5.62264
5.62274
5.62284
5.62295
5.62305
5.62315
5.62326
5.62336
5.62346
5.62357
5.62367
5.62377
5.62388
5.62398
5.62408
5.62419
5.62429
5.62439
5.62449
5.6246
5.6247
5.6248
5.62491
5.62501
5.62511
5.62522
5.62532
5.62542
5.62552
5.62563
5.62573
5.62583
5.62593
5.62604
5.62614
5.62624
5.62635
5.62645
5.62655
5.62665
5.62676
5.62686
5.62696
5.62706
5.62717
5.62727
5.62737
5.62747
5.62758
5.62768
5.62778
5.62788
5.62798
5.62809
5.62819
5.62829
5.62839
5.6285
5.6286
5.6287
5.6288
5.6289
5.62901
5.62911
5.62921
5.62931
5.62941
5.62951
5.62962
5.62972
5.62982
5.62992
5.63002
5.63013
5.63023
5.63033
5.63043
5.63053
5.63063
5.63073
5.63084
5.63094
5.63104
5.63114
5.63124
5.63134
5.63144
5.63155
5.63165
5.63175
5.63185
5.63195
5.63205
5.63215
5.63225
5.63236
5.63246
5.63256
5.63266
5.63276
5.63286
5.63296
5.63306
5.63316
5.63326
5.63337
5.63347
5.63357
5.63367
5.63377
5.63387
5.63397
5.63407
5.63417
5.63427
5.63437
5.63447
5.63457
5.63467
5.63478
5.63488
5.63498
5.63508
5.63518
5.63528
5.63538
5.63548
5.63558
5.63568
5.63578
5.63588
5.63598
5.63608
5.63618
5.63628
5.63638
5.63648
5.63658
5.63668
5.63678
5.63688
5.63698
5.63708
5.63718
5.63728
5.63738
5.63748
5.63758
5.63768
5.63778
5.63788
5.63798
5.63808
5.63818
5.63828
5.63838
5.63848
5.63857
5.63867
5.63877
5.63887
5.63897
5.63907
5.63917
5.63927
5.63937
5.63947
5.63957
5.63967
5.63977
5.63987
5.63997
5.64006
5.64016
5.64026
5.64036
5.64046
5.64056
5.64066
5.64076
5.64086
5.64095
5.64105
5.64115
5.64125
5.64135
5.64145
5.64155
5.64165
5.64174
5.64184
5.64194
5.64204
5.64214
5.64224
5.64234
5.64243
5.64253
5.64263
5.64273
5.64283
5.64293
5.64302
5.64312
5.64322
5.64332
5.64342
5.64352
5.64361
5.64371
5.64381
5.64391
5.64401
5.6441
5.6442
5.6443
5.6444
5.6445
5.64459
5.64469
5.64479
5.64489
5.64498
5.64508
5.64518
5.64528
5.64538
5.64547
5.64557
5.64567
5.64577
5.64586
5.64596
5.64606
5.64616
5.64625
5.64635
5.64645
5.64654
5.64664
5.64674
5.64684
5.64693
5.64703
5.64713
5.64723
5.64732
5.64742
5.64752
5.64761
5.64771
5.64781
5.6479
5.648
5.6481
5.64819
5.64829
5.64839
5.64849
5.64858
5.64868
5.64878
5.64887
5.64897
5.64907
5.64916
5.64926
5.64935
5.64945
5.64955
5.64964
5.64974
5.64984
5.64993
5.65003
5.65013
5.65022
5.65032
5.65041
5.65051
5.65061
5.6507
5.6508
5.65089
5.65099
5.65109
5.65118
5.65128
5.65137
5.65147
5.65157
5.65166
5.65176
5.65185
5.65195
5.65205
5.65214
5.65224
5.65233
5.65243
5.65252
5.65262
5.65271
5.65281
5.65291
5.653
5.6531
5.65319
5.65329
5.65338
5.65348
5.65357
5.65367
5.65376
5.65386
5.65395
5.65405
5.65414
5.65424
5.65433
5.65443
5.65452
5.65462
5.65471
5.65481
5.6549
5.655
5.65509
5.65519
5.65528
5.65538
5.65547
5.65557
5.65566
5.65576
5.65585
5.65594
5.65604
5.65613
5.65623
5.65632
5.65642
5.65651
5.65661
5.6567
5.65679
5.65689
5.65698
5.65708
5.65717
5.65727
5.65736
5.65745
5.65755
5.65764
5.65774
5.65783
5.65792
5.65802
5.65811
5.65821
5.6583
5.65839
5.65849
5.65858
5.65867
5.65877
5.65886
5.65895
5.65905
5.65914
5.65924
5.65933
5.65942
5.65952
5.65961
5.6597
5.6598
5.65989
5.65998
5.66008
5.66017
5.66026
5.66036
5.66045
5.66054
5.66063
5.66073
5.66082
5.66091
5.66101
5.6611
5.66119
5.66129
5.66138
5.66147
5.66156
5.66166
5.66175
5.66184
5.66194
5.66203
5.66212
5.66221
5.66231
5.6624
5.66249
5.66258
5.66268
5.66277
5.66286
5.66295
5.66304
5.66314
5.66323
5.66332
5.66341
5.66351
5.6636
5.66369
5.66378
5.66387
5.66397
5.66406
5.66415
5.66424
5.66433
5.66443
5.66452
5.66461
5.6647
5.66479
5.66488
5.66498
5.66507
5.66516
5.66525
5.66534
5.66543
5.66553
5.66562
5.66571
5.6658
5.66589
5.66598
5.66607
5.66617
5.66626
5.66635
5.66644
5.66653
5.66662
5.66671
5.6668
5.6669
5.66699
5.66708
5.66717
5.66726
5.66735
5.66744
5.66753
5.66762
5.66771
5.6678
5.6679
5.66799
5.66808
5.66817
5.66826
5.66835
5.66844
5.66853
5.66862
5.66871
5.6688
5.66889
5.66898
5.66907
5.66916
5.66925
5.66934
5.66943
5.66952
5.66961
5.6697
5.66979
5.66988
5.66997
5.67006
5.67015
5.67024
5.67033
5.67042
5.67051
5.6706
5.67069
5.67078
5.67087
5.67096
5.67105
5.67114
5.67123
5.67132
5.67141
5.6715
5.67159
5.67168
5.67177
5.67186
5.67195
5.67204
5.67213
5.67221
5.6723
5.67239
5.67248
5.67257
5.67266
5.67275
5.67284
5.67293
5.67302
5.67311
5.67319
5.67328
5.67337
5.67346
5.67355
5.67364
5.67373
5.67382
5.6739
5.67399
5.67408
5.67417
5.67426
5.67435
5.67444
5.67452
5.67461
5.6747
5.67479
5.67488
5.67497
5.67505
5.67514
5.67523
5.67532
5.67541
5.6755
5.67558
5.67567
5.67576
5.67585
5.67594
5.67602
5.67611
5.6762
5.67629
5.67637
5.67646
5.67655
5.67664
5.67673
5.67681
5.6769
5.67699
5.67708
5.67716
5.67725
5.67734
5.67743
5.67751
5.6776
5.67769
5.67778
5.67786
5.67795
5.67804
5.67812
5.67821
5.6783
5.67839
5.67847
5.67856
5.67865
5.67873
5.67882
5.67891
5.67899
5.67908
5.67917
5.67925
5.67934
5.67943
5.67951
5.6796
5.67969
5.67977
5.67986
5.67995
5.68003
5.68012
5.68021
5.68029
5.68038
5.68047
5.68055
5.68064
5.68073
5.68081
5.6809
5.68098
5.68107
5.68116
5.68124
5.68133
5.68141
5.6815
5.68159
5.68167
5.68176
5.68184
5.68193
5.68201
5.6821
5.68219
5.68227
5.68236
5.68244
5.68253
5.68261
5.6827
5.68278
5.68287
5.68296
5.68304
5.68313
5.68321
5.6833
5.68338
5.68347
5.68355
5.68364
5.68372
5.68381
5.68389
5.68398
5.68406
5.68415
5.68423
5.68432
5.6844
5.68449
5.68457
5.68466
5.68474
5.68483
5.68491
5.685
5.68508
5.68516
5.68525
5.68533
5.68542
5.6855
5.68559
5.68567
5.68576
5.68584
5.68592
5.68601
5.68609
5.68618
5.68626
5.68635
5.68643
5.68651
5.6866
5.68668
5.68677
5.68685
5.68693
5.68702
5.6871
5.68718
5.68727
5.68735
5.68744
5.68752
5.6876
5.68769
5.68777
5.68785
5.68794
5.68802
5.6881
5.68819
5.68827
5.68835
5.68844
5.68852
5.6886
5.68869
5.68877
5.68885
5.68894
5.68902
5.6891
5.68919
5.68927
5.68935
5.68943
5.68952
5.6896
5.68968
5.68977
5.68985
5.68993
5.69001
5.6901
5.69018
5.69026
5.69034
5.69043
5.69051
5.69059
5.69067
5.69076
5.69084
5.69092
5.691
5.69109
5.69117
5.69125
5.69133
5.69141
5.6915
5.69158
5.69166
5.69174
5.69182
5.69191
5.69199
5.69207
5.69215
5.69223
5.69231
5.6924
5.69248
5.69256
5.69264
5.69272
5.6928
5.69289
5.69297
5.69305
5.69313
5.69321
5.69329
5.69337
5.69346
5.69354
5.69362
5.6937
5.69378
5.69386
5.69394
5.69402
5.6941
5.69419
5.69427
5.69435
5.69443
5.69451
5.69459
5.69467
5.69475
5.69483
5.69491
5.69499
5.69507
5.69515
5.69523
5.69532
5.6954
5.69548
5.69556
5.69564
5.69572
5.6958
5.69588
5.69596
5.69604
5.69612
5.6962
5.69628
5.69636
5.69644
5.69652
5.6966
5.69668
5.69676
5.69684
5.69692
5.697
5.69708
5.69716
5.69724
5.69732
5.6974
5.69748
5.69756
5.69764
5.69771
5.69779
5.69787
5.69795
5.69803
5.69811
5.69819
5.69827
5.69835
5.69843
5.69851
5.69859
5.69867
5.69874
5.69882
5.6989
5.69898
5.69906
5.69914
5.69922
5.6993
5.69938
5.69945
5.69953
5.69961
5.69969
5.69977
5.69985
5.69993
5.70001
5.70008
5.70016
5.70024
5.70032
5.7004
5.70048
5.70055
5.70063
5.70071
5.70079
5.70087
5.70094
5.70102
5.7011
5.70118
5.70126
5.70133
5.70141
5.70149
5.70157
5.70165
5.70172
5.7018
5.70188
5.70196
5.70203
5.70211
5.70219
5.70227
5.70234
5.70242
5.7025
5.70258
5.70265
5.70273
5.70281
5.70289
5.70296
5.70304
5.70312
5.70319
5.70327
5.70335
5.70343
5.7035
5.70358
5.70366
5.70373
5.70381
5.70389
5.70396
5.70404
5.70412
5.70419
5.70427
5.70435
5.70442
5.7045
5.70458
5.70465
5.70473
5.7048
5.70488
5.70496
5.70503
5.70511
5.70519
5.70526
5.70534
5.70541
5.70549
5.70557
5.70564
5.70572
5.70579
5.70587
5.70595
5.70602
5.7061
5.70617
5.70625
5.70632
5.7064
5.70648
5.70655
5.70663
5.7067
5.70678
5.70685
5.70693
5.707
5.70708
5.70715
5.70723
5.70731
5.70738
5.70746
5.70753
5.70761
5.70768
5.70776
5.70783
5.70791
5.70798
5.70806
5.70813
5.70821
5.70828
5.70835
5.70843
5.7085
5.70858
5.70865
5.70873
5.7088
5.70888
5.70895
5.70903
5.7091
5.70917
5.70925
5.70932
5.7094
5.70947
5.70955
5.70962
5.70969
5.70977
5.70984
5.70992
5.70999
5.71006
5.71014
5.71021
5.71028
5.71036
5.71043
5.71051
5.71058
5.71065
5.71073
5.7108
5.71087
5.71095
5.71102
5.71109
5.71117
5.71124
5.71131
5.71139
5.71146
5.71153
5.71161
5.71168
5.71175
5.71183
5.7119
5.71197
5.71205
5.71212
5.71219
5.71226
5.71234
5.71241
5.71248
5.71256
5.71263
5.7127
5.71277
5.71285
5.71292
5.71299
5.71306
5.71314
5.71321
5.71328
5.71335
5.71342
5.7135
5.71357
5.71364
5.71371
5.71379
5.71386
5.71393
5.714
5.71407
5.71415
5.71422
5.71429
5.71436
5.71443
5.7145
5.71458
5.71465
5.71472
5.71479
5.71486
5.71493
5.71501
5.71508
5.71515
5.71522
5.71529
5.71536
5.71543
5.7155
5.71558
5.71565
5.71572
5.71579
5.71586
5.71593
5.716
5.71607
5.71614
5.71622
5.71629
5.71636
5.71643
5.7165
5.71657
5.71664
5.71671
5.71678
5.71685
5.71692
5.71699
5.71706
5.71713
5.7172
5.71727
5.71734
5.71741
5.71748
5.71755
5.71763
5.7177
5.71777
5.71784
5.71791
5.71798
5.71805
5.71812
5.71818
5.71825
5.71832
5.71839
5.71846
5.71853
5.7186
5.71867
5.71874
5.71881
5.71888
5.71895
5.71902
5.71909
5.71916
5.71923
5.7193
5.71937
5.71944
5.71951
5.71957
5.71964
5.71971
5.71978
5.71985
5.71992
5.71999
5.72006
5.72013
5.72019
5.72026
5.72033
5.7204
5.72047
5.72054
5.72061
5.72068
5.72074
5.72081
5.72088
5.72095
5.72102
5.72109
5.72115
5.72122
5.72129
5.72136
5.72143
5.7215
5.72156
5.72163
5.7217
5.72177
5.72184
5.7219
5.72197
5.72204
5.72211
5.72217
5.72224
5.72231
5.72238
5.72244
5.72251
5.72258
5.72265
5.72271
5.72278
5.72285
5.72292
5.72298
5.72305
5.72312
5.72319
5.72325
5.72332
5.72339
5.72345
5.72352
5.72359
5.72365
5.72372
5.72379
5.72386
5.72392
5.72399
5.72406
5.72412
5.72419
5.72426
5.72432
5.72439
5.72446
5.72452
5.72459
5.72465
5.72472
5.72479
5.72485
5.72492
5.72499
5.72505
5.72512
5.72518
5.72525
5.72532
5.72538
5.72545
5.72551
5.72558
5.72565
5.72571
5.72578
5.72584
5.72591
5.72597
5.72604
5.7261
5.72617
5.72624
5.7263
5.72637
5.72643
5.7265
5.72656
5.72663
5.72669
5.72676
5.72682
5.72689
5.72695
5.72702
5.72708
5.72715
5.72721
5.72728
5.72734
5.72741
5.72747
5.72754
5.7276
5.72767
5.72773
5.7278
5.72786
5.72793
5.72799
5.72805
5.72812
5.72818
5.72825
5.72831
5.72838
5.72844
5.7285
5.72857
5.72863
5.7287
5.72876
5.72882
5.72889
5.72895
5.72902
5.72908
5.72914
5.72921
5.72927
5.72933
5.7294
5.72946
5.72953
5.72959
5.72965
5.72972
5.72978
5.72984
5.72991
5.72997
5.73003
5.7301
5.73016
5.73022
5.73029
5.73035
5.73041
5.73047
5.73054
5.7306
5.73066
5.73073
5.73079
5.73085
5.73091
5.73098
5.73104
5.7311
5.73117
5.73123
5.73129
5.73135
5.73141
5.73148
5.73154
5.7316
5.73166
5.73173
5.73179
5.73185
5.73191
5.73198
5.73204
5.7321
5.73216
5.73222
5.73229
5.73235
5.73241
5.73247
5.73253
5.73259
5.73266
5.73272
5.73278
5.73284
5.7329
5.73296
5.73302
5.73309
5.73315
5.73321
5.73327
5.73333
5.73339
5.73345
5.73352
5.73358
5.73364
5.7337
5.73376
5.73382
5.73388
5.73394
5.734
5.73406
5.73412
5.73419
5.73425
5.73431
5.73437
5.73443
5.73449
5.73455
5.73461
5.73467
5.73473
5.73479
5.73485
5.73491
5.73497
5.73503
5.73509
5.73515
5.73521
5.73527
5.73533
5.73539
5.73545
5.73551
5.73557
5.73563
5.73569
5.73575
5.73581
5.73587
5.73593
5.73599
5.73605
5.73611
5.73617
5.73623
5.73629
5.73635
5.7364
5.73646
5.73652
5.73658
5.73664
5.7367
5.73676
5.73682
5.73688
5.73694
5.737
5.73705
5.73711
5.73717
5.73723
5.73729
5.73735
5.73741
5.73747
5.73752
5.73758
5.73764
5.7377
5.73776
5.73782
5.73787
5.73793
5.73799
5.73805
5.73811
5.73817
5.73822
5.73828
5.73834
5.7384
5.73846
5.73851
5.73857
5.73863
5.73869
5.73875
5.7388
5.73886
5.73892
5.73898
5.73903
5.73909
5.73915
5.73921
5.73926
5.73932
5.73938
5.73944
5.73949
5.73955
5.73961
5.73966
5.73972
5.73978
5.73984
5.73989
5.73995
5.74001
5.74006
5.74012
5.74018
5.74023
5.74029
5.74035
5.7404
5.74046
5.74052
5.74057
5.74063
5.74069
5.74074
5.7408
5.74086
5.74091
5.74097
5.74102
5.74108
5.74114
5.74119
5.74125
5.7413
5.74136
5.74142
5.74147
5.74153
5.74158
5.74164
5.7417
5.74175
5.74181
5.74186
5.74192
5.74197
5.74203
5.74208
5.74214
5.7422
5.74225
5.74231
5.74236
5.74242
5.74247
5.74253
5.74258
5.74264
5.74269
5.74275
5.7428
5.74286
5.74291
5.74297
5.74302
5.74308
5.74313
5.74319
5.74324
5.74329
5.74335
5.7434
5.74346
5.74351
5.74357
5.74362
5.74368
5.74373
5.74378
5.74384
5.74389
5.74395
5.744
5.74406
5.74411
5.74416
5.74422
5.74427
5.74432
5.74438
5.74443
5.74449
5.74454
5.74459
5.74465
5.7447
5.74475
5.74481
5.74486
5.74491
5.74497
5.74502
5.74507
5.74513
5.74518
5.74523
5.74529
5.74534
5.74539
5.74545
5.7455
5.74555
5.74561
5.74566
5.74571
5.74576
5.74582
5.74587
5.74592
5.74598
5.74603
5.74608
5.74613
5.74619
5.74624
5.74629
5.74634
5.74639
5.74645
5.7465
5.74655
5.7466
5.74666
5.74671
5.74676
5.74681
5.74686
5.74692
5.74697
5.74702
5.74707
5.74712
5.74717
5.74723
5.74728
5.74733
5.74738
5.74743
5.74748
5.74754
5.74759
5.74764
5.74769
5.74774
5.74779
5.74784
5.74789
5.74795
5.748
5.74805
5.7481
5.74815
5.7482
5.74825
5.7483
5.74835
5.7484
5.74846
5.74851
5.74856
5.74861
5.74866
5.74871
5.74876
5.74881
5.74886
5.74891
5.74896
5.74901
5.74906
5.74911
5.74916
5.74921
5.74926
5.74931
5.74936
5.74941
5.74946
5.74951
5.74956
5.74961
5.74966
5.74971
5.74976
5.74981
5.74986
5.74991
5.74996
5.75001
5.75006
5.75011
5.75016
5.75021
5.75026
5.7503
5.75035
5.7504
5.75045
5.7505
5.75055
5.7506
5.75065
5.7507
5.75075
5.7508
5.75084
5.75089
5.75094
5.75099
5.75104
5.75109
5.75114
5.75118
5.75123
5.75128
5.75133
5.75138
5.75143
5.75147
5.75152
5.75157
5.75162
5.75167
5.75172
5.75176
5.75181
5.75186
5.75191
5.75196
5.752
5.75205
5.7521
5.75215
5.75219
5.75224
5.75229
5.75234
5.75239
5.75243
5.75248
5.75253
5.75257
5.75262
5.75267
5.75272
5.75276
5.75281
5.75286
5.75291
5.75295
5.753
5.75305
5.75309
5.75314
5.75319
5.75323
5.75328
5.75333
5.75337
5.75342
5.75347
5.75351
5.75356
5.75361
5.75365
5.7537
5.75375
5.75379
5.75384
5.75389
5.75393
5.75398
5.75402
5.75407
5.75412
5.75416
5.75421
5.75425
5.7543
5.75435
5.75439
5.75444
5.75448
5.75453
5.75457
5.75462
5.75467
5.75471
5.75476
5.7548
5.75485
5.75489
5.75494
5.75498
5.75503
5.75507
5.75512
5.75516
5.75521
5.75525
5.7553
5.75534
5.75539
5.75543
5.75548
5.75552
5.75557
5.75561
5.75566
5.7557
5.75575
5.75579
5.75584
5.75588
5.75592
5.75597
5.75601
5.75606
5.7561
5.75615
5.75619
5.75623
5.75628
5.75632
5.75637
5.75641
5.75645
5.7565
5.75654
5.75659
5.75663
5.75667
5.75672
5.75676
5.7568
5.75685
5.75689
5.75694
5.75698
5.75702
5.75707
5.75711
5.75715
5.7572
5.75724
5.75728
5.75733
5.75737
5.75741
5.75745
5.7575
5.75754
5.75758
5.75763
5.75767
5.75771
5.75775
5.7578
5.75784
5.75788
5.75792
5.75797
5.75801
5.75805
5.75809
5.75814
5.75818
5.75822
5.75826
5.75831
5.75835
5.75839
5.75843
5.75847
5.75852
5.75856
5.7586
5.75864
5.75868
5.75873
5.75877
5.75881
5.75885
5.75889
5.75893
5.75898
5.75902
5.75906
5.7591
5.75914
5.75918
5.75922
5.75927
5.75931
5.75935
5.75939
5.75943
5.75947
5.75951
5.75955
5.75959
5.75963
5.75968
5.75972
5.75976
5.7598
5.75984
5.75988
5.75992
5.75996
5.76
5.76004
5.76008
5.76012
5.76016
5.7602
5.76024
5.76028
5.76032
5.76036
5.7604
5.76044
5.76048
5.76052
5.76056
5.7606
5.76064
5.76068
5.76072
5.76076
5.7608
5.76084
5.76088
5.76092
5.76096
5.761
5.76104
5.76108
5.76112
5.76116
5.7612
5.76124
5.76128
5.76132
5.76135
5.76139
5.76143
5.76147
5.76151
5.76155
5.76159
5.76163
5.76167
5.7617
5.76174
5.76178
5.76182
5.76186
5.7619
5.76194
5.76197
5.76201
5.76205
5.76209
5.76213
5.76217
5.7622
5.76224
5.76228
5.76232
5.76236
5.7624
5.76243
5.76247
5.76251
5.76255
5.76258
5.76262
5.76266
5.7627
5.76274
5.76277
5.76281
5.76285
5.76289
5.76292
5.76296
5.763
5.76304
5.76307
5.76311
5.76315
5.76318
5.76322
5.76326
5.7633
5.76333
5.76337
5.76341
5.76344
5.76348
5.76352
5.76355
5.76359
5.76363
5.76366
5.7637
5.76374
5.76377
5.76381
5.76385
5.76388
5.76392
5.76395
5.76399
5.76403
5.76406
5.7641
5.76414
5.76417
5.76421
5.76424
5.76428
5.76432
5.76435
5.76439
5.76442
5.76446
5.76449
5.76453
5.76457
5.7646
5.76464
5.76467
5.76471
5.76474
5.76478
5.76481
5.76485
5.76488
5.76492
5.76495
5.76499
5.76502
5.76506
5.76509
5.76513
5.76516
5.7652
5.76523
5.76527
5.7653
5.76534
5.76537
5.76541
5.76544
5.76548
5.76551
5.76554
5.76558
5.76561
5.76565
5.76568
5.76572
5.76575
5.76578
5.76582
5.76585
5.76589
5.76592
5.76595
5.76599
5.76602
5.76606
5.76609
5.76612
5.76616
5.76619
5.76622
5.76626
5.76629
5.76633
5.76636
5.76639
5.76643
5.76646
5.76649
5.76653
5.76656
5.76659
5.76662
5.76666
5.76669
5.76672
5.76676
5.76679
5.76682
5.76686
5.76689
5.76692
5.76695
5.76699
5.76702
5.76705
5.76708
5.76712
5.76715
5.76718
5.76721
5.76725
5.76728
5.76731
5.76734
5.76737
5.76741
5.76744
5.76747
5.7675
5.76753
5.76757
5.7676
5.76763
5.76766
5.76769
5.76773
5.76776
5.76779
5.76782
5.76785
5.76788
5.76791
5.76795
5.76798
5.76801
5.76804
5.76807
5.7681
5.76813
5.76816
5.7682
5.76823
5.76826
5.76829
5.76832
5.76835
5.76838
5.76841
5.76844
5.76847
5.7685
5.76853
5.76856
5.7686
5.76863
5.76866
5.76869
5.76872
5.76875
5.76878
5.76881
5.76884
5.76887
5.7689
5.76893
5.76896
5.76899
5.76902
5.76905
5.76908
5.76911
5.76914
5.76917
5.7692
5.76923
5.76926
5.76929
5.76931
5.76934
5.76937
5.7694
5.76943
5.76946
5.76949
5.76952
5.76955
5.76958
5.76961
5.76964
5.76967
5.76969
5.76972
5.76975
5.76978
5.76981
5.76984
5.76987
5.7699
5.76992
5.76995
5.76998
5.77001
5.77004
5.77007
5.7701
5.77012
5.77015
5.77018
5.77021
5.77024
5.77027
5.77029
5.77032
5.77035
5.77038
5.77041
5.77043
5.77046
5.77049
5.77052
5.77054
5.77057
5.7706
5.77063
5.77065
5.77068
5.77071
5.77074
5.77076
5.77079
5.77082
5.77085
5.77087
5.7709
5.77093
5.77095
5.77098
5.77101
5.77104
5.77106
5.77109
5.77112
5.77114
5.77117
5.7712
5.77122
5.77125
5.77128
5.7713
5.77133
5.77136
5.77138
5.77141
5.77143
5.77146
5.77149
5.77151
5.77154
5.77157
5.77159
5.77162
5.77164
5.77167
5.7717
5.77172
5.77175
5.77177
5.7718
5.77182
5.77185
5.77188
5.7719
5.77193
5.77195
5.77198
5.772
5.77203
5.77205
5.77208
5.7721
5.77213
5.77215
5.77218
5.77221
5.77223
5.77226
5.77228
5.7723
5.77233
5.77235
5.77238
5.7724
5.77243
5.77245
5.77248
5.7725
5.77253
5.77255
5.77258
5.7726
5.77262
5.77265
5.77267
5.7727
5.77272
5.77275
5.77277
5.77279
5.77282
5.77284
5.77287
5.77289
5.77291
5.77294
5.77296
5.77298
5.77301
5.77303
5.77306
5.77308
5.7731
5.77313
5.77315
5.77317
5.7732
5.77322
5.77324
5.77327
5.77329
5.77331
5.77334
5.77336
5.77338
5.7734
5.77343
5.77345
5.77347
5.7735
5.77352
5.77354
5.77356
5.77359
5.77361
5.77363
5.77365
5.77368
5.7737
5.77372
5.77374
5.77377
5.77379
5.77381
5.77383
5.77385
5.77388
5.7739
5.77392
5.77394
5.77396
5.77399
5.77401
5.77403
5.77405
5.77407
5.7741
5.77412
5.77414
5.77416
5.77418
5.7742
5.77422
5.77425
5.77427
5.77429
5.77431
5.77433
5.77435
5.77437
5.77439
5.77441
5.77444
5.77446
5.77448
5.7745
5.77452
5.77454
5.77456
5.77458
5.7746
5.77462
5.77464
5.77466
5.77468
5.7747
5.77473
5.77475
5.77477
5.77479
5.77481
5.77483
5.77485
5.77487
5.77489
5.77491
5.77493
5.77495
5.77497
5.77499
5.77501
5.77503
5.77505
5.77507
5.77508
5.7751
5.77512
5.77514
5.77516
5.77518
5.7752
5.77522
5.77524
5.77526
5.77528
5.7753
5.77532
5.77534
5.77535
5.77537
5.77539
5.77541
5.77543
5.77545
5.77547
5.77549
5.77551
5.77552
5.77554
5.77556
5.77558
5.7756
5.77562
5.77564
5.77565
5.77567
5.77569
5.77571
5.77573
5.77574
5.77576
5.77578
5.7758
5.77582
5.77583
5.77585
5.77587
5.77589
5.77591
5.77592
5.77594
5.77596
5.77598
5.77599
5.77601
5.77603
5.77605
5.77606
5.77608
5.7761
5.77612
5.77613
5.77615
5.77617
5.77618
5.7762
5.77622
5.77624
5.77625
5.77627
5.77629
5.7763
5.77632
5.77634
5.77635
5.77637
5.77639
5.7764
5.77642
5.77644
5.77645
5.77647
5.77648
5.7765
5.77652
5.77653
5.77655
5.77657
5.77658
5.7766
5.77661
5.77663
5.77665
5.77666
5.77668
5.77669
5.77671
5.77672
5.77674
5.77676
5.77677
5.77679
5.7768
5.77682
5.77683
5.77685
5.77686
5.77688
5.77689
5.77691
5.77692
5.77694
5.77695
5.77697
5.77698
5.777
5.77701
5.77703
5.77704
5.77706
5.77707
5.77709
5.7771
5.77712
5.77713
5.77715
5.77716
5.77718
5.77719
5.7772
5.77722
5.77723
5.77725
5.77726
5.77727
5.77729
5.7773
5.77732
5.77733
5.77734
5.77736
5.77737
5.77739
5.7774
5.77741
5.77743
5.77744
5.77745
5.77747
5.77748
5.7775
5.77751
5.77752
5.77754
5.77755
5.77756
5.77757
5.77759
5.7776
5.77761
5.77763
5.77764
5.77765
5.77767
5.77768
5.77769
5.7777
5.77772
5.77773
5.77774
5.77775
5.77777
5.77778
5.77779
5.7778
5.77782
5.77783
5.77784
5.77785
5.77787
5.77788
5.77789
5.7779
5.77791
5.77793
5.77794
5.77795
5.77796
5.77797
5.77799
5.778
5.77801
5.77802
5.77803
5.77804
5.77806
5.77807
5.77808
5.77809
5.7781
5.77811
5.77812
5.77814
5.77815
5.77816
5.77817
5.77818
5.77819
5.7782
5.77821
5.77822
5.77823
5.77825
5.77826
5.77827
5.77828
5.77829
5.7783
5.77831
5.77832
5.77833
5.77834
5.77835
5.77836
5.77837
5.77838
5.77839
5.7784
5.77841
5.77842
5.77843
5.77844
5.77845
5.77846
5.77847
5.77848
5.77849
5.7785
5.77851
5.77852
5.77853
5.77854
5.77855
5.77856
5.77857
5.77858
5.77859
5.7786
5.77861
5.77862
5.77862
5.77863
5.77864
5.77865
5.77866
5.77867
5.77868
5.77869
5.7787
5.77871
5.77871
5.77872
5.77873
5.77874
5.77875
5.77876
5.77877
5.77877
5.77878
5.77879
5.7788
5.77881
5.77882
5.77882
5.77883
5.77884
5.77885
5.77886
5.77886
5.77887
5.77888
5.77889
5.7789
5.7789
5.77891
5.77892
5.77893
5.77893
5.77894
5.77895
5.77896
5.77896
5.77897
5.77898
5.77899
5.77899
5.779
5.77901
5.77902
5.77902
5.77903
5.77904
5.77904
5.77905
5.77906
5.77906
5.77907
5.77908
5.77908
5.77909
5.7791
5.7791
5.77911
5.77912
5.77912
5.77913
5.77914
5.77914
5.77915
5.77916
5.77916
5.77917
5.77917
5.77918
5.77919
5.77919
5.7792
5.7792
5.77921
5.77922
5.77922
5.77923
5.77923
5.77924
5.77924
5.77925
5.77926
5.77926
5.77927
5.77927
5.77928
5.77928
5.77929
5.77929
5.7793
5.7793
5.77931
5.77931
5.77932
5.77932
5.77933
5.77933
5.77934
5.77934
5.77935
5.77935
5.77936
5.77936
5.77937
5.77937
5.77938
5.77938
5.77938
5.77939
5.77939
5.7794
5.7794
5.77941
5.77941
5.77941
5.77942
5.77942
5.77943
5.77943
5.77943
5.77944
5.77944
5.77945
5.77945
5.77945
5.77946
5.77946
5.77946
5.77947
5.77947
5.77948
5.77948
5.77948
5.77949
5.77949
5.77949
5.7795
5.7795
5.7795
5.7795
5.77951
5.77951
5.77951
5.77952
5.77952
5.77952
5.77952
5.77953
5.77953
5.77953
5.77954
5.77954
5.77954
5.77954
5.77955
5.77955
5.77955
5.77955
5.77955
5.77956
5.77956
5.77956
5.77956
5.77957
5.77957
5.77957
5.77957
5.77957
5.77958
5.77958
5.77958
5.77958
5.77958
5.77958
5.77959
5.77959
5.77959
5.77959
5.77959
5.77959
5.77959
5.7796
5.7796
5.7796
5.7796
5.7796
5.7796
5.7796
5.7796
5.7796
5.7796
5.77961
5.77961
5.77961
5.77961
5.77961
5.77961
5.77961
5.77961
5.77961
5.77961
5.77961
5.77961
5.77961
5.77961
5.77961
5.77961
5.77961
5.77961
5.77961
5.77961
5.77961
5.77961
5.77961
5.77961
5.77961
5.77961
5.77961
5.77961
5.77961
5.77961
5.77961
5.77961
5.77961
5.77961
5.77961
5.77961
5.77961
5.77961
5.77961
5.77961
5.77961
5.7796
5.7796
5.7796
5.7796
5.7796
5.7796
5.7796
5.7796
5.7796
5.7796
5.77959
5.77959
5.77959
5.77959
5.77959
5.77959
5.77959
5.77958
5.77958
5.77958
5.77958
5.77958
5.77957
5.77957
5.77957
5.77957
5.77957
5.77957
5.77956
5.77956
5.77956
5.77956
5.77955
5.77955
5.77955
5.77955
5.77955
5.77954
5.77954
5.77954
5.77954
5.77953
5.77953
5.77953
5.77952
5.77952
5.77952
5.77952
5.77951
5.77951
5.77951
5.7795
5.7795
5.7795
5.77949
5.77949
5.77949
5.77949
5.77948
5.77948
5.77947
5.77947
5.77947
5.77946
5.77946
5.77946
5.77945
5.77945
5.77945
5.77944
5.77944
5.77943
5.77943
5.77943
5.77942
5.77942
5.77941
5.77941
5.77941
5.7794
5.7794
5.77939
5.77939
5.77938
5.77938
5.77938
5.77937
5.77937
5.77936
5.77936
5.77935
5.77935
5.77934
5.77934
5.77933
5.77933
5.77932
5.77932
5.77931
5.77931
5.7793
5.7793
5.77929
5.77929
5.77928
5.77928
5.77927
5.77927
5.77926
5.77926
5.77925
5.77924
5.77924
5.77923
5.77923
5.77922
5.77922
5.77921
5.7792
5.7792
5.77919
5.77919
5.77918
5.77917
5.77917
5.77916
5.77916
5.77915
5.77914
5.77914
5.77913
5.77912
5.77912
5.77911
5.7791
5.7791
5.77909
5.77908
5.77908
5.77907
5.77906
5.77906
5.77905
5.77904
5.77904
5.77903
5.77902
5.77902
5.77901
5.779
5.77899
5.77899
5.77898
5.77897
5.77896
5.77896
5.77895
5.77894
5.77893
5.77893
5.77892
5.77891
5.7789
5.7789
5.77889
5.77888
5.77887
5.77887
5.77886
5.77885
5.77884
5.77883
5.77882
5.77882
5.77881
5.7788
5.77879
5.77878
5.77877
5.77877
5.77876
5.77875
5.77874
5.77873
5.77872
5.77871
5.77871
5.7787
5.77869
5.77868
5.77867
5.77866
5.77865
5.77864
5.77863
5.77863
5.77862
5.77861
5.7786
5.77859
5.77858
5.77857
5.77856
5.77855
5.77854
5.77853
5.77852
5.77851
5.7785
5.77849
5.77848
5.77847
5.77846
5.77845
5.77844
5.77843
5.77842
5.77841
5.7784
5.77839
5.77838
5.77837
5.77836
5.77835
5.77834
5.77833
5.77832
5.77831
5.7783
5.77829
5.77828
5.77827
5.77826
5.77825
5.77824
5.77823
5.77822
5.7782
5.77819
5.77818
5.77817
5.77816
5.77815
5.77814
5.77813
5.77812
5.7781
5.77809
5.77808
5.77807
5.77806
5.77805
5.77804
5.77802
5.77801
5.778
5.77799
5.77798
5.77797
5.77795
5.77794
5.77793
5.77792
5.77791
5.77789
5.77788
5.77787
5.77786
5.77785
5.77783
5.77782
5.77781
5.7778
5.77778
5.77777
5.77776
5.77775
5.77773
5.77772
5.77771
5.7777
5.77768
5.77767
5.77766
5.77764
5.77763
5.77762
5.77761
5.77759
5.77758
5.77757
5.77755
5.77754
5.77753
5.77751
5.7775
5.77749
5.77747
5.77746
5.77745
5.77743
5.77742
5.77741
5.77739
5.77738
5.77736
5.77735
5.77734
5.77732
5.77731
5.7773
5.77728
5.77727
5.77725
5.77724
5.77723
5.77721
5.7772
5.77718
5.77717
5.77715
5.77714
5.77712
5.77711
5.7771
5.77708
5.77707
5.77705
5.77704
5.77702
5.77701
5.77699
5.77698
5.77696
5.77695
5.77693
5.77692
5.7769
5.77689
5.77687
5.77686
5.77684
5.77683
5.77681
5.7768
5.77678
5.77676
5.77675
5.77673
5.77672
5.7767
5.77669
5.77667
5.77666
5.77664
5.77662
5.77661
5.77659
5.77658
5.77656
5.77654
5.77653
5.77651
5.7765
5.77648
5.77646
5.77645
5.77643
5.77641
5.7764
5.77638
5.77636
5.77635
5.77633
5.77631
5.7763
5.77628
5.77626
5.77625
5.77623
5.77621
5.7762
5.77618
5.77616
5.77615
5.77613
5.77611
5.77609
5.77608
5.77606
5.77604
5.77603
5.77601
5.77599
5.77597
5.77596
5.77594
5.77592
5.7759
5.77588
5.77587
5.77585
5.77583
5.77581
5.7758
5.77578
5.77576
5.77574
5.77572
5.77571
5.77569
5.77567
5.77565
5.77563
5.77561
5.7756
5.77558
5.77556
5.77554
5.77552
5.7755
5.77548
5.77547
5.77545
5.77543
5.77541
5.77539
5.77537
5.77535
5.77533
5.77532
5.7753
5.77528
5.77526
5.77524
5.77522
5.7752
5.77518
5.77516
5.77514
5.77512
5.7751
5.77508
5.77506
5.77505
5.77503
5.77501
5.77499
5.77497
5.77495
5.77493
5.77491
5.77489
5.77487
5.77485
5.77483
5.77481
5.77479
5.77477
5.77475
5.77473
5.77471
5.77469
5.77467
5.77464
5.77462
5.7746
5.77458
5.77456
5.77454
5.77452
5.7745
5.77448
5.77446
5.77444
5.77442
5.7744
5.77438
5.77435
5.77433
5.77431
5.77429
5.77427
5.77425
5.77423
5.77421
5.77419
5.77416
5.77414
5.77412
5.7741
5.77408
5.77406
5.77403
5.77401
5.77399
5.77397
5.77395
5.77393
5.7739
5.77388
5.77386
5.77384
5.77382
5.77379
5.77377
5.77375
5.77373
5.77371
5.77368
5.77366
5.77364
5.77362
5.77359
5.77357
5.77355
5.77353
5.7735
5.77348
5.77346
5.77344
5.77341
5.77339
5.77337
5.77334
5.77332
5.7733
5.77328
5.77325
5.77323
5.77321
5.77318
5.77316
5.77314
5.77311
5.77309
5.77307
5.77304
5.77302
5.773
5.77297
5.77295
5.77292
5.7729
5.77288
5.77285
5.77283
5.77281
5.77278
5.77276
5.77273
5.77271
5.77269
5.77266
5.77264
5.77261
5.77259
5.77257
5.77254
5.77252
5.77249
5.77247
5.77244
5.77242
5.77239
5.77237
5.77234
5.77232
5.7723
5.77227
5.77225
5.77222
5.7722
5.77217
5.77215
5.77212
5.7721
5.77207
5.77205
5.77202
5.772
5.77197
5.77194
5.77192
5.77189
5.77187
5.77184
5.77182
5.77179
5.77177
5.77174
5.77172
5.77169
5.77166
5.77164
5.77161
5.77159
5.77156
5.77153
5.77151
5.77148
5.77146
5.77143
5.7714
5.77138
5.77135
5.77132
5.7713
5.77127
5.77125
5.77122
5.77119
5.77117
5.77114
5.77111
5.77109
5.77106
5.77103
5.77101
5.77098
5.77095
5.77093
5.7709
5.77087
5.77084
5.77082
5.77079
5.77076
5.77074
5.77071
5.77068
5.77065
5.77063
5.7706
5.77057
5.77054
5.77052
5.77049
5.77046
5.77043
5.77041
5.77038
5.77035
5.77032
5.77029
5.77027
5.77024
5.77021
5.77018
5.77015
5.77013
5.7701
5.77007
5.77004
5.77001
5.76999
5.76996
5.76993
5.7699
5.76987
5.76984
5.76981
5.76979
5.76976
5.76973
5.7697
5.76967
5.76964
5.76961
5.76958
5.76956
5.76953
5.7695
5.76947
5.76944
5.76941
5.76938
5.76935
5.76932
5.76929
5.76926
5.76923
5.7692
5.76918
5.76915
5.76912
5.76909
5.76906
5.76903
5.769
5.76897
5.76894
5.76891
5.76888
5.76885
5.76882
5.76879
5.76876
5.76873
5.7687
5.76867
5.76864
5.76861
5.76858
5.76855
5.76852
5.76849
5.76846
5.76843
5.76839
5.76836
5.76833
5.7683
5.76827
5.76824
5.76821
5.76818
5.76815
5.76812
5.76809
5.76806
5.76802
5.76799
5.76796
5.76793
5.7679
5.76787
5.76784
5.76781
5.76777
5.76774
5.76771
5.76768
5.76765
5.76762
5.76759
5.76755
5.76752
5.76749
5.76746
5.76743
5.7674
5.76736
5.76733
5.7673
5.76727
5.76724
5.7672
5.76717
5.76714
5.76711
5.76707
5.76704
5.76701
5.76698
5.76694
5.76691
5.76688
5.76685
5.76681
5.76678
5.76675
5.76672
5.76668
5.76665
5.76662
5.76659
5.76655
5.76652
5.76649
5.76645
5.76642
5.76639
5.76635
5.76632
5.76629
5.76625
5.76622
5.76619
5.76615
5.76612
5.76609
5.76605
5.76602
5.76599
5.76595
5.76592
5.76589
5.76585
5.76582
5.76578
5.76575
5.76572
5.76568
5.76565
5.76561
5.76558
5.76555
5.76551
5.76548
5.76544
5.76541
5.76537
5.76534
5.76531
5.76527
5.76524
5.7652
5.76517
5.76513
5.7651
5.76506
5.76503
5.76499
5.76496
5.76492
5.76489
5.76485
5.76482
5.76478
5.76475
5.76471
5.76468
5.76464
5.76461
5.76457
5.76454
5.7645
5.76447
5.76443
5.7644
5.76436
5.76432
5.76429
5.76425
5.76422
5.76418
5.76415
5.76411
5.76407
5.76404
5.764
5.76397
5.76393
5.76389
5.76386
5.76382
5.76379
5.76375
5.76371
5.76368
5.76364
5.7636
5.76357
5.76353
5.7635
5.76346
5.76342
5.76339
5.76335
5.76331
5.76328
5.76324
5.7632
5.76316
5.76313
5.76309
5.76305
5.76302
5.76298
5.76294
5.76291
5.76287
5.76283
5.76279
5.76276
5.76272
5.76268
5.76264
5.76261
5.76257
5.76253
5.76249
5.76246
5.76242
5.76238
5.76234
5.76231
5.76227
5.76223
5.76219
5.76215
5.76212
5.76208
5.76204
5.762
5.76196
5.76193
5.76189
5.76185
5.76181
5.76177
5.76173
5.76169
5.76166
5.76162
5.76158
5.76154
5.7615
5.76146
5.76142
5.76139
5.76135
5.76131
5.76127
5.76123
5.76119
5.76115
5.76111
5.76107
5.76103
5.761
5.76096
5.76092
5.76088
5.76084
5.7608
5.76076
5.76072
5.76068
5.76064
5.7606
5.76056
5.76052
5.76048
5.76044
5.7604
5.76036
5.76032
5.76028
5.76024
5.7602
5.76016
5.76012
5.76008
5.76004
5.76
5.75996
5.75992
5.75988
5.75984
5.7598
5.75976
5.75972
5.75968
5.75964
5.7596
5.75956
5.75952
5.75948
5.75944
5.75939
5.75935
5.75931
5.75927
5.75923
5.75919
5.75915
5.75911
5.75907
5.75903
5.75898
5.75894
5.7589
5.75886
5.75882
5.75878
5.75874
5.7587
5.75865
5.75861
5.75857
5.75853
5.75849
5.75845
5.7584
5.75836
5.75832
5.75828
5.75824
5.75819
5.75815
5.75811
5.75807
5.75803
5.75798
5.75794
5.7579
5.75786
5.75781
5.75777
5.75773
5.75769
5.75764
5.7576
5.75756
5.75752
5.75747
5.75743
5.75739
5.75735
5.7573
5.75726
5.75722
5.75717
5.75713
5.75709
5.75705
5.757
5.75696
5.75692
5.75687
5.75683
5.75679
5.75674
5.7567
5.75666
5.75661
5.75657
5.75653
5.75648
5.75644
5.75639
5.75635
5.75631
5.75626
5.75622
5.75618
5.75613
5.75609
5.75604
5.756
5.75596
5.75591
5.75587
5.75582
5.75578
5.75574
5.75569
5.75565
5.7556
5.75556
5.75551
5.75547
5.75542
5.75538
5.75533
5.75529
5.75525
5.7552
5.75516
5.75511
5.75507
5.75502
5.75498
5.75493
5.75489
5.75484
5.7548
5.75475
5.75471
5.75466
5.75462
5.75457
5.75452
5.75448
5.75443
5.75439
5.75434
5.7543
5.75425
5.75421
5.75416
5.75412
5.75407
5.75402
5.75398
5.75393
5.75389
5.75384
5.75379
5.75375
5.7537
5.75366
5.75361
5.75356
5.75352
5.75347
5.75342
5.75338
5.75333
5.75329
5.75324
5.75319
5.75315
5.7531
5.75305
5.75301
5.75296
5.75291
5.75287
5.75282
5.75277
5.75273
5.75268
5.75263
5.75258
5.75254
5.75249
5.75244
5.7524
5.75235
5.7523
5.75225
5.75221
5.75216
5.75211
5.75206
5.75202
5.75197
5.75192
5.75187
5.75183
5.75178
5.75173
5.75168
5.75164
5.75159
5.75154
5.75149
5.75144
5.7514
5.75135
5.7513
5.75125
5.7512
5.75116
5.75111
5.75106
5.75101
5.75096
5.75091
5.75087
5.75082
5.75077
5.75072
5.75067
5.75062
5.75057
5.75053
5.75048
5.75043
5.75038
5.75033
5.75028
5.75023
5.75018
5.75013
5.75008
5.75004
5.74999
5.74994
5.74989
5.74984
5.74979
5.74974
5.74969
5.74964
5.74959
5.74954
5.74949
5.74944
5.74939
5.74934
5.74929
5.74924
5.74919
5.74914
5.74909
5.74904
5.74899
5.74894
5.74889
5.74884
5.74879
5.74874
5.74869
5.74864
5.74859
5.74854
5.74849
5.74844
5.74839
5.74834
5.74829
5.74824
5.74819
5.74814
5.74809
5.74804
5.74799
5.74794
5.74789
5.74784
5.74778
5.74773
5.74768
5.74763
5.74758
5.74753
5.74748
5.74743
5.74738
5.74732
5.74727
5.74722
5.74717
5.74712
5.74707
5.74702
5.74696
5.74691
5.74686
5.74681
5.74676
5.74671
5.74665
5.7466
5.74655
5.7465
5.74645
5.74639
5.74634
5.74629
5.74624
5.74619
5.74613
5.74608
5.74603
5.74598
5.74593
5.74587
5.74582
5.74577
5.74572
5.74566
5.74561
5.74556
5.74551
5.74545
5.7454
5.74535
5.74529
5.74524
5.74519
5.74514
5.74508
5.74503
5.74498
5.74492
5.74487
5.74482
5.74476
5.74471
5.74466
5.7446
5.74455
5.7445
5.74444
5.74439
5.74434
5.74428
5.74423
5.74418
5.74412
5.74407
5.74402
5.74396
5.74391
5.74385
5.7438
5.74375
5.74369
5.74364
5.74358
5.74353
5.74348
5.74342
5.74337
5.74331
5.74326
5.7432
5.74315
5.7431
5.74304
5.74299
5.74293
5.74288
5.74282
5.74277
5.74271
5.74266
5.7426
5.74255
5.74249
5.74244
5.74238
5.74233
5.74227
5.74222
5.74216
5.74211
5.74205
5.742
5.74194
5.74189
5.74183
5.74178
5.74172
5.74167
5.74161
5.74156
5.7415
5.74145
5.74139
5.74133
5.74128
5.74122
5.74117
5.74111
5.74105
5.741
5.74094
5.74089
5.74083
5.74077
5.74072
5.74066
5.74061
5.74055
5.74049
5.74044
5.74038
5.74033
5.74027
5.74021
5.74016
5.7401
5.74004
5.73999
5.73993
5.73987
5.73982
5.73976
5.7397
5.73965
5.73959
5.73953
5.73947
5.73942
5.73936
5.7393
5.73925
5.73919
5.73913
5.73908
5.73902
5.73896
5.7389
5.73885
5.73879
5.73873
5.73867
5.73862
5.73856
5.7385
5.73844
5.73839
5.73833
5.73827
5.73821
5.73815
5.7381
5.73804
5.73798
5.73792
5.73786
5.73781
5.73775
5.73769
5.73763
5.73757
5.73752
5.73746
5.7374
5.73734
5.73728
5.73722
5.73716
5.73711
5.73705
5.73699
5.73693
5.73687
5.73681
5.73675
5.7367
5.73664
5.73658
5.73652
5.73646
5.7364
5.73634
5.73628
5.73622
5.73616
5.7361
5.73605
5.73599
5.73593
5.73587
5.73581
5.73575
5.73569
5.73563
5.73557
5.73551
5.73545
5.73539
5.73533
5.73527
5.73521
5.73515
5.73509
5.73503
5.73497
5.73491
5.73485
5.73479
5.73473
5.73467
5.73461
5.73455
5.73449
5.73443
5.73437
5.73431
5.73425
5.73419
5.73413
5.73407
5.73401
5.73395
5.73389
5.73383
5.73377
5.7337
5.73364
5.73358
5.73352
5.73346
5.7334
5.73334
5.73328
5.73322
5.73316
5.73309
5.73303
5.73297
5.73291
5.73285
5.73279
5.73273
5.73267
5.7326
5.73254
5.73248
5.73242
5.73236
5.7323
5.73223
5.73217
5.73211
5.73205
5.73199
5.73193
5.73186
5.7318
5.73174
5.73168
5.73162
5.73155
5.73149
5.73143
5.73137
5.7313
5.73124
5.73118
5.73112
5.73106
5.73099
5.73093
5.73087
5.73081
5.73074
5.73068
5.73062
5.73055
5.73049
5.73043
5.73037
5.7303
5.73024
5.73018
5.73011
5.73005
5.72999
5.72992
5.72986
5.7298
5.72974
5.72967
5.72961
5.72955
5.72948
5.72942
5.72936
5.72929
5.72923
5.72916
5.7291
5.72904
5.72897
5.72891
5.72885
5.72878
5.72872
5.72865
5.72859
5.72853
5.72846
5.7284
5.72833
5.72827
5.72821
5.72814
5.72808
5.72801
5.72795
5.72788
5.72782
5.72776
5.72769
5.72763
5.72756
5.7275
5.72743
5.72737
5.7273
5.72724
5.72717
5.72711
5.72704
5.72698
5.72691
5.72685
5.72678
5.72672
5.72665
5.72659
5.72652
5.72646
5.72639
5.72633
5.72626
5.7262
5.72613
5.72607
5.726
5.72594
5.72587
5.72581
5.72574
5.72567
5.72561
5.72554
5.72548
5.72541
5.72535
5.72528
5.72521
5.72515
5.72508
5.72502
5.72495
5.72488
5.72482
5.72475
5.72468
5.72462
5.72455
5.72449
5.72442
5.72435
5.72429
5.72422
5.72415
5.72409
5.72402
5.72395
5.72389
5.72382
5.72375
5.72369
5.72362
5.72355
5.72349
5.72342
5.72335
5.72328
5.72322
5.72315
5.72308
5.72302
5.72295
5.72288
5.72281
5.72275
5.72268
5.72261
5.72255
5.72248
5.72241
5.72234
5.72227
5.72221
5.72214
5.72207
5.722
5.72194
5.72187
5.7218
5.72173
5.72166
5.7216
5.72153
5.72146
5.72139
5.72132
5.72126
5.72119
5.72112
5.72105
5.72098
5.72091
5.72085
5.72078
5.72071
5.72064
5.72057
5.7205
5.72043
5.72037
5.7203
5.72023
5.72016
5.72009
5.72002
5.71995
5.71988
5.71982
5.71975
5.71968
5.71961
5.71954
5.71947
5.7194
5.71933
5.71926
5.71919
5.71912
5.71905
5.71898
5.71892
5.71885
5.71878
5.71871
5.71864
5.71857
5.7185
5.71843
5.71836
5.71829
5.71822
5.71815
5.71808
5.71801
5.71794
5.71787
5.7178
5.71773
5.71766
5.71759
5.71752
5.71745
5.71738
5.71731
5.71724
5.71717
5.7171
5.71703
5.71695
5.71688
5.71681
5.71674
5.71667
5.7166
5.71653
5.71646
5.71639
5.71632
5.71625
5.71618
5.71611
5.71603
5.71596
5.71589
5.71582
5.71575
5.71568
5.71561
5.71554
5.71546
5.71539
5.71532
5.71525
5.71518
5.71511
5.71504
5.71496
5.71489
5.71482
5.71475
5.71468
5.71461
5.71453
5.71446
5.71439
5.71432
5.71425
5.71417
5.7141
5.71403
5.71396
5.71389
5.71381
5.71374
5.71367
5.7136
5.71352
5.71345
5.71338
5.71331
5.71323
5.71316
5.71309
5.71302
5.71294
5.71287
5.7128
5.71273
5.71265
5.71258
5.71251
5.71243
5.71236
5.71229
5.71222
5.71214
5.71207
5.712
5.71192
5.71185
5.71178
5.7117
5.71163
5.71156
5.71148
5.71141
5.71134
5.71126
5.71119
5.71112
5.71104
5.71097
5.71089
5.71082
5.71075
5.71067
5.7106
5.71053
5.71045
5.71038
5.7103
5.71023
5.71015
5.71008
5.71001
5.70993
5.70986
5.70978
5.70971
5.70964
5.70956
5.70949
5.70941
5.70934
5.70926
5.70919
5.70911
5.70904
5.70896
5.70889
5.70881
5.70874
5.70867
5.70859
5.70852
5.70844
5.70837
5.70829
5.70822
5.70814
5.70806
5.70799
5.70791
5.70784
5.70776
5.70769
5.70761
5.70754
5.70746
5.70739
5.70731
5.70724
5.70716
5.70708
5.70701
5.70693
5.70686
5.70678
5.70671
5.70663
5.70655
5.70648
5.7064
5.70633
5.70625
5.70617
5.7061
5.70602
5.70595
5.70587
5.70579
5.70572
5.70564
5.70556
5.70549
5.70541
5.70533
5.70526
5.70518
5.7051
5.70503
5.70495
5.70487
5.7048
5.70472
5.70464
5.70457
5.70449
5.70441
5.70434
5.70426
5.70418
5.70411
5.70403
5.70395
5.70387
5.7038
5.70372
5.70364
5.70356
5.70349
5.70341
5.70333
5.70325
5.70318
5.7031
5.70302
5.70294
5.70287
5.70279
5.70271
5.70263
5.70256
5.70248
5.7024
5.70232
5.70224
5.70217
5.70209
5.70201
5.70193
5.70185
5.70177
5.7017
5.70162
5.70154
5.70146
5.70138
5.7013
5.70123
5.70115
5.70107
5.70099
5.70091
5.70083
5.70075
5.70068
5.7006
5.70052
5.70044
5.70036
5.70028
5.7002
5.70012
5.70004
5.69997
5.69989
5.69981
5.69973
5.69965
5.69957
5.69949
5.69941
5.69933
5.69925
5.69917
5.69909
5.69901
5.69893
5.69885
5.69877
5.69869
5.69862
5.69854
5.69846
5.69838
5.6983
5.69822
5.69814
5.69806
5.69798
5.6979
5.69782
5.69774
5.69766
5.69758
5.6975
5.69741
5.69733
5.69725
5.69717
5.69709
5.69701
5.69693
5.69685
5.69677
5.69669
5.69661
5.69653
5.69645
5.69637
5.69629
5.69621
5.69613
5.69604
5.69596
5.69588
5.6958
5.69572
5.69564
5.69556
5.69548
5.6954
5.69531
5.69523
5.69515
5.69507
5.69499
5.69491
5.69483
5.69474
5.69466
5.69458
5.6945
5.69442
5.69434
5.69425
5.69417
5.69409
5.69401
5.69393
5.69385
5.69376
5.69368
5.6936
5.69352
5.69344
5.69335
5.69327
5.69319
5.69311
5.69302
5.69294
5.69286
5.69278
5.69269
5.69261
5.69253
5.69245
5.69236
5.69228
5.6922
5.69212
5.69203
5.69195
5.69187
5.69179
5.6917
5.69162
5.69154
5.69145
5.69137
5.69129
5.6912
5.69112
5.69104
5.69095
5.69087
5.69079
5.69071
5.69062
5.69054
5.69045
5.69037
5.69029
5.6902
5.69012
5.69004
5.68995
5.68987
5.68979
5.6897
5.68962
5.68953
5.68945
5.68937
5.68928
5.6892
5.68911
5.68903
5.68895
5.68886
5.68878
5.68869
5.68861
5.68853
5.68844
5.68836
5.68827
5.68819
5.6881
5.68802
5.68793
5.68785
5.68777
5.68768
5.6876
5.68751
5.68743
5.68734
5.68726
5.68717
5.68709
5.687
5.68692
5.68683
5.68675
5.68666
5.68658
5.68649
5.68641
5.68632
5.68624
5.68615
5.68606
5.68598
5.68589
5.68581
5.68572
5.68564
5.68555
5.68547
5.68538
5.68529
5.68521
5.68512
5.68504
5.68495
5.68487
5.68478
5.68469
5.68461
5.68452
5.68444
5.68435
5.68426
5.68418
5.68409
5.684
5.68392
5.68383
5.68375
5.68366
5.68357
5.68349
5.6834
5.68331
5.68323
5.68314
5.68305
5.68297
5.68288
5.68279
5.68271
5.68262
5.68253
5.68245
5.68236
5.68227
5.68218
5.6821
5.68201
5.68192
5.68184
5.68175
5.68166
5.68157
5.68149
5.6814
5.68131
5.68122
5.68114
5.68105
5.68096
5.68087
5.68079
5.6807
5.68061
5.68052
5.68044
5.68035
5.68026
5.68017
5.68008
5.68
5.67991
5.67982
5.67973
5.67964
5.67956
5.67947
5.67938
5.67929
5.6792
5.67912
5.67903
5.67894
5.67885
5.67876
5.67867
5.67858
5.6785
5.67841
5.67832
5.67823
5.67814
5.67805
5.67796
5.67787
5.67779
5.6777
5.67761
5.67752
5.67743
5.67734
5.67725
5.67716
5.67707
5.67698
5.6769
5.67681
5.67672
5.67663
5.67654
5.67645
5.67636
5.67627
5.67618
5.67609
5.676
5.67591
5.67582
5.67573
5.67564
5.67555
5.67546
5.67537
5.67528
5.67519
5.6751
5.67501
5.67492
5.67483
5.67474
5.67465
5.67456
5.67447
5.67438
5.67429
5.6742
5.67411
5.67402
5.67393
5.67384
5.67375
5.67366
5.67357
5.67348
5.67339
5.67329
5.6732
5.67311
5.67302
5.67293
5.67284
5.67275
5.67266
5.67257
5.67248
5.67239
5.67229
5.6722
5.67211
5.67202
5.67193
5.67184
5.67175
5.67166
5.67156
5.67147
5.67138
5.67129
5.6712
5.67111
5.67102
5.67092
5.67083
5.67074
5.67065
5.67056
5.67046
5.67037
5.67028
5.67019
5.6701
5.67
5.66991
5.66982
5.66973
5.66964
5.66954
5.66945
5.66936
5.66927
5.66917
5.66908
5.66899
5.6689
5.6688
5.66871
5.66862
5.66853
5.66843
5.66834
5.66825
5.66816
5.66806
5.66797
5.66788
5.66778
5.66769
5.6676
5.66751
5.66741
5.66732
5.66723
5.66713
5.66704
5.66695
5.66685
5.66676
5.66667
5.66657
5.66648
5.66639
5.66629
5.6662
5.66611
5.66601
5.66592
5.66582
5.66573
5.66564
5.66554
5.66545
5.66536
5.66526
5.66517
5.66507
5.66498
5.66489
5.66479
5.6647
5.6646
5.66451
5.66441
5.66432
5.66423
5.66413
5.66404
5.66394
5.66385
5.66375
5.66366
5.66357
5.66347
5.66338
5.66328
5.66319
5.66309
5.663
5.6629
5.66281
5.66271
5.66262
5.66252
5.66243
5.66233
5.66224
5.66214
5.66205
5.66195
5.66186
5.66176
5.66167
5.66157
5.66148
5.66138
5.66128
5.66119
5.66109
5.661
5.6609
5.66081
5.66071
5.66062
5.66052
5.66042
5.66033
5.66023
5.66014
5.66004
5.65994
5.65985
5.65975
5.65966
5.65956
5.65946
5.65937
5.65927
5.65918
5.65908
5.65898
5.65889
5.65879
5.65869
5.6586
5.6585
5.6584
5.65831
5.65821
5.65811
5.65802
5.65792
5.65782
5.65773
5.65763
5.65753
5.65744
5.65734
5.65724
5.65715
5.65705
5.65695
5.65685
5.65676
5.65666
5.65656
5.65647
5.65637
5.65627
5.65617
5.65608
5.65598
5.65588
5.65578
5.65569
5.65559
5.65549
5.65539
5.6553
5.6552
5.6551
5.655
5.6549
5.65481
5.65471
5.65461
5.65451
5.65441
5.65432
5.65422
5.65412
5.65402
5.65392
5.65382
5.65373
5.65363
5.65353
5.65343
5.65333
5.65323
5.65314
5.65304
5.65294
5.65284
5.65274
5.65264
5.65254
5.65245
5.65235
5.65225
5.65215
5.65205
5.65195
5.65185
5.65175
5.65165
5.65155
5.65146
5.65136
5.65126
5.65116
5.65106
5.65096
5.65086
5.65076
5.65066
5.65056
5.65046
5.65036
5.65026
5.65016
5.65006
5.64996
5.64986
5.64976
5.64966
5.64956
5.64947
5.64937
5.64927
5.64917
