0.000107879
0.000215769
0.000323668
0.000431578
0.000539497
0.000647427
0.000755366
0.000863316
0.000971275
0.00107925
0.00118722
0.00129521
0.00140321
0.00151122
0.00161924
0.00172727
0.00183531
0.00194336
0.00205142
0.0021595
0.00226758
0.00237567
0.00248377
0.00259188
0.0027
0.00280813
0.00291627
0.00302442
0.00313258
0.00324076
0.00334894
0.00345713
0.00356533
0.00367354
0.00378177
0.00389
0.00399824
0.0041065
0.00421476
0.00432303
0.00443132
0.00453961
0.00464791
0.00475623
0.00486455
0.00497289
0.00508123
0.00518959
0.00529795
0.00540633
0.00551471
0.00562311
0.00573152
0.00583993
0.00594836
0.0060568
0.00616525
0.0062737
0.00638217
0.00649065
0.00659914
0.00670764
0.00681615
0.00692467
0.0070332
0.00714174
0.00725029
0.00735885
0.00746742
0.007576
0.00768459
0.0077932
0.00790181
0.00801043
0.00811907
0.00822771
0.00833637
0.00844503
0.00855371
0.00866239
0.00877109
0.00887979
0.00898851
0.00909724
0.00920597
0.00931472
0.00942348
0.00953225
0.00964103
0.00974982
0.00985862
0.00996743
0.0100763
0.0101851
0.0102939
0.0104028
0.0105116
0.0106205
0.0107294
0.0108383
0.0109472
0.0110561
0.011165
0.011274
0.0113829
0.0114919
0.0116008
0.0117098
0.0118188
0.0119278
0.0120368
0.0121458
0.0122549
0.0123639
0.012473
0.012582
0.0126911
0.0128002
0.0129093
0.0130184
0.0131275
0.0132366
0.0133458
0.0134549
0.0135641
0.0136732
0.0137824
0.0138916
0.0140008
0.01411
0.0142193
0.0143285
0.0144377
0.014547
0.0146562
0.0147655
0.0148748
0.0149841
0.0150934
0.0152027
0.0153121
0.0154214
0.0155308
0.0156401
0.0157495
0.0158589
0.0159683
0.0160777
0.0161871
0.0162965
0.0164059
0.0165154
0.0166248
0.0167343
0.0168438
0.0169533
0.0170628
0.0171723
0.0172818
0.0173913
0.0175009
0.0176104
0.01772
0.0178296
0.0179392
0.0180488
0.0181584
0.018268
0.0183776
0.0184873
0.0185969
0.0187066
0.0188163
0.0189259
0.0190356
0.0191453
0.0192551
0.0193648
0.0194745
0.0195843
0.019694
0.0198038
0.0199136
0.0200234
0.0201332
0.020243
0.0203528
0.0204627
0.0205725
0.0206824
0.0207922
0.0209021
0.021012
0.0211219
0.0212318
0.0213417
0.0214517
0.0215616
0.0216716
0.0217815
0.0218915
0.0220015
0.0221115
0.0222215
0.0223315
0.0224416
0.0225516
0.0226617
0.0227717
0.0228818
0.0229919
0.023102
0.0232121
0.0233222
0.0234324
0.0235425
0.0236527
0.0237628
0.023873
0.0239832
0.0240934
0.0242036
0.0243138
0.0244241
0.0245343
0.0246445
0.0247548
0.0248651
0.0249754
0.0250857
0.025196
0.0253063
0.0254166
0.025527
0.0256373
0.0257477
0.0258581
0.0259685
0.0260789
0.0261893
0.0262997
0.0264101
0.0265206
0.026631
0.0267415
0.0268519
0.0269624
0.0270729
0.0271834
0.027294
0.0274045
0.027515
0.0276256
0.0277362
0.0278467
0.0279573
0.0280679
0.0281785
0.0282891
0.0283998
0.0285104
0.0286211
0.0287317
0.0288424
0.0289531
0.0290638
0.0291745
0.0292852
0.029396
0.0295067
0.0296175
0.0297282
0.029839
0.0299498
0.0300606
0.0301714
0.0302822
0.0303931
0.0305039
0.0306148
0.0307256
0.0308365
0.0309474
0.0310583
0.0311692
0.0312802
0.0313911
0.031502
0.031613
0.031724
0.031835
0.0319459
0.0320569
0.032168
0.032279
0.03239
0.0325011
0.0326121
0.0327232
0.0328343
0.0329454
0.0330565
0.0331676
0.0332787
0.0333899
0.033501
0.0336122
0.0337234
0.0338346
0.0339458
0.034057
0.0341682
0.0342794
0.0343907
0.0345019
0.0346132
0.0347245
0.0348357
0.034947
0.0350584
0.0351697
0.035281
0.0353924
0.0355037
0.0356151
0.0357265
0.0358379
0.0359493
0.0360607
0.0361721
0.0362835
0.036395
0.0365064
0.0366179
0.0367294
0.0368409
0.0369524
0.0370639
0.0371754
0.037287
0.0373985
0.0375101
0.0376217
0.0377333
0.0378449
0.0379565
0.0380681
0.0381797
0.0382914
0.038403
0.0385147
0.0386264
0.0387381
0.0388498
0.0389615
0.0390732
0.0391849
0.0392967
0.0394085
0.0395202
0.039632
0.0397438
0.0398556
0.0399674
0.0400793
0.0401911
0.040303
0.0404148
0.0405267
0.0406386
0.0407505
0.0408624
0.0409743
0.0410863
0.0411982
0.0413102
0.0414221
0.0415341
0.0416461
0.0417581
0.0418701
0.0419821
0.0420942
0.0422062
0.0423183
0.0424304
0.0425425
0.0426546
0.0427667
0.0428788
0.0429909
0.0431031
0.0432152
0.0433274
0.0434396
0.0435518
0.043664
0.0437762
0.0438884
0.0440006
0.0441129
0.0442251
0.0443374
0.0444497
0.044562
0.0446743
0.0447866
0.044899
0.0450113
0.0451237
0.045236
0.0453484
0.0454608
0.0455732
0.0456856
0.045798
0.0459105
0.0460229
0.0461354
0.0462479
0.0463603
0.0464728
0.0465854
0.0466979
0.0468104
0.0469229
0.0470355
0.0471481
0.0472607
0.0473732
0.0474858
0.0475985
0.0477111
0.0478237
0.0479364
0.048049
0.0481617
0.0482744
0.0483871
0.0484998
0.0486125
0.0487253
0.048838
0.0489508
0.0490635
0.0491763
0.0492891
0.0494019
0.0495147
0.0496276
0.0497404
0.0498532
0.0499661
0.050079
0.0501919
0.0503048
0.0504177
0.0505306
0.0506435
0.0507565
0.0508694
0.0509824
0.0510954
0.0512084
0.0513214
0.0514344
0.0515474
0.0516605
0.0517735
0.0518866
0.0519997
0.0521128
0.0522259
0.052339
0.0524521
0.0525653
0.0526784
0.0527916
0.0529047
0.0530179
0.0531311
0.0532443
0.0533576
0.0534708
0.053584
0.0536973
0.0538106
0.0539239
0.0540371
0.0541505
0.0542638
0.0543771
0.0544904
0.0546038
0.0547172
0.0548305
0.0549439
0.0550573
0.0551707
0.0552842
0.0553976
0.0555111
0.0556245
0.055738
0.0558515
0.055965
0.0560785
0.056192
0.0563055
0.0564191
0.0565327
0.0566462
0.0567598
0.0568734
0.056987
0.0571006
0.0572143
0.0573279
0.0574416
0.0575552
0.0576689
0.0577826
0.0578963
0.05801
0.0581237
0.0582375
0.0583512
0.058465
0.0585788
0.0586926
0.0588064
0.0589202
0.059034
0.0591478
0.0592617
0.0593755
0.0594894
0.0596033
0.0597172
0.0598311
0.059945
0.060059
0.0601729
0.0602869
0.0604008
0.0605148
0.0606288
0.0607428
0.0608568
0.0609709
0.0610849
0.061199
0.061313
0.0614271
0.0615412
0.0616553
0.0617694
0.0618836
0.0619977
0.0621118
0.062226
0.0623402
0.0624544
0.0625686
0.0626828
0.062797
0.0629113
0.0630255
0.0631398
0.063254
0.0633683
0.0634826
0.0635969
0.0637113
0.0638256
0.06394
0.0640543
0.0641687
0.0642831
0.0643975
0.0645119
0.0646263
0.0647407
0.0648552
0.0649696
0.0650841
0.0651986
0.0653131
0.0654276
0.0655421
0.0656566
0.0657712
0.0658857
0.0660003
0.0661149
0.0662295
0.0663441
0.0664587
0.0665733
0.066688
0.0668026
0.0669173
0.067032
0.0671467
0.0672614
0.0673761
0.0674908
0.0676056
0.0677203
0.0678351
0.0679499
0.0680646
0.0681794
0.0682943
0.0684091
0.0685239
0.0686388
0.0687536
0.0688685
0.0689834
0.0690983
0.0692132
0.0693282
0.0694431
0.069558
0.069673
0.069788
0.069903
0.070018
0.070133
0.070248
0.070363
0.0704781
0.0705931
0.0707082
0.0708233
0.0709384
0.0710535
0.0711686
0.0712838
0.0713989
0.0715141
0.0716293
0.0717444
0.0718596
0.0719748
0.0720901
0.0722053
0.0723206
0.0724358
0.0725511
0.0726664
0.0727817
0.072897
0.0730123
0.0731276
0.073243
0.0733583
0.0734737
0.0735891
0.0737045
0.0738199
0.0739353
0.0740507
0.0741662
0.0742817
0.0743971
0.0745126
0.0746281
0.0747436
0.0748591
0.0749747
0.0750902
0.0752058
0.0753213
0.0754369
0.0755525
0.0756681
0.0757837
0.0758994
0.076015
0.0761307
0.0762463
0.076362
0.0764777
0.0765934
0.0767091
0.0768249
0.0769406
0.0770564
0.0771721
0.0772879
0.0774037
0.0775195
0.0776353
0.0777512
0.077867
0.0779829
0.0780988
0.0782146
0.0783305
0.0784464
0.0785624
0.0786783
0.0787942
0.0789102
0.0790262
0.0791421
0.0792581
0.0793741
0.0794902
0.0796062
0.0797222
0.0798383
0.0799544
0.0800704
0.0801865
0.0803026
0.0804188
0.0805349
0.080651
0.0807672
0.0808834
0.0809995
0.0811157
0.0812319
0.0813482
0.0814644
0.0815806
0.0816969
0.0818132
0.0819295
0.0820457
0.0821621
0.0822784
0.0823947
0.0825111
0.0826274
0.0827438
0.0828602
0.0829766
0.083093
0.0832094
0.0833258
0.0834423
0.0835587
0.0836752
0.0837917
0.0839082
0.0840247
0.0841412
0.0842577
0.0843743
0.0844908
0.0846074
0.084724
0.0848406
0.0849572
0.0850738
0.0851905
0.0853071
0.0854238
0.0855404
0.0856571
0.0857738
0.0858905
0.0860072
0.086124
0.0862407
0.0863575
0.0864743
0.086591
0.0867078
0.0868247
0.0869415
0.0870583
0.0871752
0.087292
0.0874089
0.0875258
0.0876427
0.0877596
0.0878765
0.0879934
0.0881104
0.0882274
0.0883443
0.0884613
0.0885783
0.0886953
0.0888124
0.0889294
0.0890464
0.0891635
0.0892806
0.0893977
0.0895148
0.0896319
0.089749
0.0898661
0.0899833
0.0901005
0.0902176
0.0903348
0.090452
0.0905692
0.0906865
0.0908037
0.090921
0.0910382
0.0911555
0.0912728
0.0913901
0.0915074
0.0916247
0.0917421
0.0918594
0.0919768
0.0920942
0.0922116
0.092329
0.0924464
0.0925638
0.0926813
0.0927987
0.0929162
0.0930337
0.0931512
0.0932687
0.0933862
0.0935037
0.0936213
0.0937388
0.0938564
0.093974
0.0940916
0.0942092
0.0943268
0.0944444
0.0945621
0.0946797
0.0947974
0.0949151
0.0950328
0.0951505
0.0952682
0.0953859
0.0955037
0.0956214
0.0957392
0.095857
0.0959748
0.0960926
0.0962104
0.0963283
0.0964461
0.096564
0.0966818
0.0967997
0.0969176
0.0970355
0.0971535
0.0972714
0.0973893
0.0975073
0.0976253
0.0977433
0.0978613
0.0979793
0.0980973
0.0982154
0.0983334
0.0984515
0.0985695
0.0986876
0.0988057
0.0989238
0.099042
0.0991601
0.0992783
0.0993964
0.0995146
0.0996328
0.099751
0.0998692
0.0999875
0.100106
0.100224
0.100342
0.10046
0.100579
0.100697
0.100815
0.100934
0.101052
0.10117
0.101289
0.101407
0.101526
0.101644
0.101762
0.101881
0.101999
0.102118
0.102236
0.102355
0.102473
0.102592
0.10271
0.102829
0.102947
0.103066
0.103184
0.103303
0.103422
0.10354
0.103659
0.103778
0.103896
0.104015
0.104133
0.104252
0.104371
0.10449
0.104608
0.104727
0.104846
0.104965
0.105083
0.105202
0.105321
0.10544
0.105559
0.105677
0.105796
0.105915
0.106034
0.106153
0.106272
0.106391
0.10651
0.106629
0.106748
0.106867
0.106986
0.107104
0.107224
0.107343
0.107462
0.107581
0.1077
0.107819
0.107938
0.108057
0.108176
0.108295
0.108414
0.108533
0.108653
0.108772
0.108891
0.10901
0.109129
0.109249
0.109368
0.109487
0.109606
0.109726
0.109845
0.109964
0.110083
0.110203
0.110322
0.110441
0.110561
0.11068
0.1108
0.110919
0.111038
0.111158
0.111277
0.111397
0.111516
0.111636
0.111755
0.111875
0.111994
0.112114
0.112233
0.112353
0.112472
0.112592
0.112712
0.112831
0.112951
0.11307
0.11319
0.11331
0.113429
0.113549
0.113669
0.113788
0.113908
0.114028
0.114148
0.114267
0.114387
0.114507
0.114627
0.114747
0.114866
0.114986
0.115106
0.115226
0.115346
0.115466
0.115586
0.115706
0.115825
0.115945
0.116065
0.116185
0.116305
0.116425
0.116545
0.116665
0.116785
0.116905
0.117025
0.117145
0.117266
0.117386
0.117506
0.117626
0.117746
0.117866
0.117986
0.118106
0.118227
0.118347
0.118467
0.118587
0.118707
0.118828
0.118948
0.119068
0.119189
0.119309
0.119429
0.119549
0.11967
0.11979
0.11991
0.120031
0.120151
0.120272
0.120392
0.120512
0.120633
0.120753
0.120874
0.120994
0.121115
0.121235
0.121356
0.121476
0.121597
0.121717
0.121838
0.121959
0.122079
0.1222
0.12232
0.122441
0.122562
0.122682
0.122803
0.122924
0.123044
0.123165
0.123286
0.123406
0.123527
0.123648
0.123769
0.123889
0.12401
0.124131
0.124252
0.124373
0.124494
0.124614
0.124735
0.124856
0.124977
0.125098
0.125219
0.12534
0.125461
0.125582
0.125703
0.125824
0.125945
0.126066
0.126187
0.126308
0.126429
0.12655
0.126671
0.126792
0.126913
0.127034
0.127155
0.127276
0.127398
0.127519
0.12764
0.127761
0.127882
0.128004
0.128125
0.128246
0.128367
0.128488
0.12861
0.128731
0.128852
0.128974
0.129095
0.129216
0.129338
0.129459
0.12958
0.129702
0.129823
0.129945
0.130066
0.130187
0.130309
0.13043
0.130552
0.130673
0.130795
0.130916
0.131038
0.131159
0.131281
0.131403
0.131524
0.131646
0.131767
0.131889
0.132011
0.132132
0.132254
0.132376
0.132497
0.132619
0.132741
0.132862
0.132984
0.133106
0.133228
0.133349
0.133471
0.133593
0.133715
0.133837
0.133958
0.13408
0.134202
0.134324
0.134446
0.134568
0.13469
0.134812
0.134934
0.135056
0.135177
0.135299
0.135421
0.135543
0.135665
0.135787
0.13591
0.136032
0.136154
0.136276
0.136398
0.13652
0.136642
0.136764
0.136886
0.137008
0.137131
0.137253
0.137375
0.137497
0.137619
0.137742
0.137864
0.137986
0.138108
0.138231
0.138353
0.138475
0.138598
0.13872
0.138842
0.138965
0.139087
0.139209
0.139332
0.139454
0.139577
0.139699
0.139821
0.139944
0.140066
0.140189
0.140311
0.140434
0.140556
0.140679
0.140801
0.140924
0.141047
0.141169
0.141292
0.141414
0.141537
0.14166
0.141782
0.141905
0.142028
0.14215
0.142273
0.142396
0.142518
0.142641
0.142764
0.142887
0.143009
0.143132
0.143255
0.143378
0.143501
0.143623
0.143746
0.143869
0.143992
0.144115
0.144238
0.144361
0.144484
0.144606
0.144729
0.144852
0.144975
0.145098
0.145221
0.145344
0.145467
0.14559
0.145713
0.145836
0.14596
0.146083
0.146206
0.146329
0.146452
0.146575
0.146698
0.146821
0.146945
0.147068
0.147191
0.147314
0.147437
0.147561
0.147684
0.147807
0.14793
0.148054
0.148177
0.1483
0.148424
0.148547
0.14867
0.148794
0.148917
0.14904
0.149164
0.149287
0.149411
0.149534
0.149658
0.149781
0.149904
0.150028
0.150151
0.150275
0.150398
0.150522
0.150646
0.150769
0.150893
0.151016
0.15114
0.151263
0.151387
0.151511
0.151634
0.151758
0.151882
0.152005
0.152129
0.152253
0.152377
0.1525
0.152624
0.152748
0.152872
0.152995
0.153119
0.153243
0.153367
0.153491
0.153614
0.153738
0.153862
0.153986
0.15411
0.154234
0.154358
0.154482
0.154606
0.15473
0.154854
0.154978
0.155102
0.155226
0.15535
0.155474
0.155598
0.155722
0.155846
0.15597
0.156094
0.156218
0.156342
0.156466
0.156591
0.156715
0.156839
0.156963
0.157087
0.157211
0.157336
0.15746
0.157584
0.157708
0.157833
0.157957
0.158081
0.158206
0.15833
0.158454
0.158579
0.158703
0.158827
0.158952
0.159076
0.1592
0.159325
0.159449
0.159574
0.159698
0.159823
0.159947
0.160072
0.160196
0.160321
0.160445
0.16057
0.160694
0.160819
0.160943
0.161068
0.161193
0.161317
0.161442
0.161566
0.161691
0.161816
0.16194
0.162065
0.16219
0.162315
0.162439
0.162564
0.162689
0.162814
0.162938
0.163063
0.163188
0.163313
0.163438
0.163562
0.163687
0.163812
0.163937
0.164062
0.164187
0.164312
0.164437
0.164562
0.164686
0.164811
0.164936
0.165061
0.165186
0.165311
0.165436
0.165561
0.165686
0.165812
0.165937
0.166062
0.166187
0.166312
0.166437
0.166562
0.166687
0.166812
0.166938
0.167063
0.167188
0.167313
0.167438
0.167564
0.167689
0.167814
0.167939
0.168065
0.16819
0.168315
0.168441
0.168566
0.168691
0.168817
0.168942
0.169067
0.169193
0.169318
0.169444
0.169569
0.169694
0.16982
0.169945
0.170071
0.170196
0.170322
0.170447
0.170573
0.170698
0.170824
0.170949
0.171075
0.171201
0.171326
0.171452
0.171577
0.171703
0.171829
0.171954
0.17208
0.172206
0.172331
0.172457
0.172583
0.172708
0.172834
0.17296
0.173086
0.173211
0.173337
0.173463
0.173589
0.173715
0.173841
0.173966
0.174092
0.174218
0.174344
0.17447
0.174596
0.174722
0.174848
0.174974
0.1751
0.175226
0.175351
0.175477
0.175603
0.17573
0.175856
0.175982
0.176108
0.176234
0.17636
0.176486
0.176612
0.176738
0.176864
0.17699
0.177116
0.177243
0.177369
0.177495
0.177621
0.177747
0.177874
0.178
0.178126
0.178252
0.178379
0.178505
0.178631
0.178757
0.178884
0.17901
0.179136
0.179263
0.179389
0.179516
0.179642
0.179768
0.179895
0.180021
0.180148
0.180274
0.180401
0.180527
0.180653
0.18078
0.180906
0.181033
0.18116
0.181286
0.181413
0.181539
0.181666
0.181792
0.181919
0.182046
0.182172
0.182299
0.182425
0.182552
0.182679
0.182805
0.182932
0.183059
0.183186
0.183312
0.183439
0.183566
0.183693
0.183819
0.183946
0.184073
0.1842
0.184327
0.184453
0.18458
0.184707
0.184834
0.184961
0.185088
0.185215
0.185342
0.185469
0.185596
0.185722
0.185849
0.185976
0.186103
0.18623
0.186357
0.186484
0.186612
0.186739
0.186866
0.186993
0.18712
0.187247
0.187374
0.187501
0.187628
0.187755
0.187883
0.18801
0.188137
0.188264
0.188391
0.188518
0.188646
0.188773
0.1889
0.189027
0.189155
0.189282
0.189409
0.189537
0.189664
0.189791
0.189919
0.190046
0.190173
0.190301
0.190428
0.190556
0.190683
0.19081
0.190938
0.191065
0.191193
0.19132
0.191448
0.191575
0.191703
0.19183
0.191958
0.192085
0.192213
0.19234
0.192468
0.192596
0.192723
0.192851
0.192978
0.193106
0.193234
0.193361
0.193489
0.193617
0.193744
0.193872
0.194
0.194127
0.194255
0.194383
0.194511
0.194638
0.194766
0.194894
0.195022
0.19515
0.195277
0.195405
0.195533
0.195661
0.195789
0.195917
0.196045
0.196173
0.196301
0.196428
0.196556
0.196684
0.196812
0.19694
0.197068
0.197196
0.197324
0.197452
0.19758
0.197708
0.197836
0.197965
0.198093
0.198221
0.198349
0.198477
0.198605
0.198733
0.198861
0.19899
0.199118
0.199246
0.199374
0.199502
0.19963
0.199759
0.199887
0.200015
0.200143
0.200272
0.2004
0.200528
0.200657
0.200785
0.200913
0.201042
0.20117
0.201298
0.201427
0.201555
0.201684
0.201812
0.20194
0.202069
0.202197
0.202326
0.202454
0.202583
0.202711
0.20284
0.202968
0.203097
0.203225
0.203354
0.203482
0.203611
0.203739
0.203868
0.203997
0.204125
0.204254
0.204383
0.204511
0.20464
0.204768
0.204897
0.205026
0.205155
0.205283
0.205412
0.205541
0.205669
0.205798
0.205927
0.206056
0.206185
0.206313
0.206442
0.206571
0.2067
0.206829
0.206958
0.207086
0.207215
0.207344
0.207473
0.207602
0.207731
0.20786
0.207989
0.208118
0.208247
0.208376
0.208505
0.208634
0.208763
0.208892
0.209021
0.20915
0.209279
0.209408
0.209537
0.209666
0.209795
0.209924
0.210054
0.210183
0.210312
0.210441
0.21057
0.210699
0.210828
0.210958
0.211087
0.211216
0.211345
0.211475
0.211604
0.211733
0.211862
0.211992
0.212121
0.21225
0.21238
0.212509
0.212638
0.212768
0.212897
0.213026
0.213156
0.213285
0.213415
0.213544
0.213673
0.213803
0.213932
0.214062
0.214191
0.214321
0.21445
0.21458
0.214709
0.214839
0.214968
0.215098
0.215227
0.215357
0.215487
0.215616
0.215746
0.215875
0.216005
0.216135
0.216264
0.216394
0.216524
0.216653
0.216783
0.216913
0.217043
0.217172
0.217302
0.217432
0.217561
0.217691
0.217821
0.217951
0.218081
0.21821
0.21834
0.21847
0.2186
0.21873
0.21886
0.218989
0.219119
0.219249
0.219379
0.219509
0.219639
0.219769
0.219899
0.220029
0.220159
0.220289
0.220419
0.220549
0.220679
0.220809
0.220939
0.221069
0.221199
0.221329
0.221459
0.221589
0.221719
0.221849
0.22198
0.22211
0.22224
0.22237
0.2225
0.22263
0.22276
0.222891
0.223021
0.223151
0.223281
0.223412
0.223542
0.223672
0.223802
0.223933
0.224063
0.224193
0.224324
0.224454
0.224584
0.224714
0.224845
0.224975
0.225106
0.225236
0.225366
0.225497
0.225627
0.225758
0.225888
0.226018
0.226149
0.226279
0.22641
0.22654
0.226671
0.226801
0.226932
0.227062
0.227193
0.227324
0.227454
0.227585
0.227715
0.227846
0.227976
0.228107
0.228238
0.228368
0.228499
0.22863
0.22876
0.228891
0.229022
0.229152
0.229283
0.229414
0.229544
0.229675
0.229806
0.229937
0.230067
0.230198
0.230329
0.23046
0.230591
0.230721
0.230852
0.230983
0.231114
0.231245
0.231376
0.231507
0.231637
0.231768
0.231899
0.23203
0.232161
0.232292
0.232423
0.232554
0.232685
0.232816
0.232947
0.233078
0.233209
0.23334
0.233471
0.233602
0.233733
0.233864
0.233995
0.234126
0.234257
0.234388
0.23452
0.234651
0.234782
0.234913
0.235044
0.235175
0.235306
0.235438
0.235569
0.2357
0.235831
0.235962
0.236094
0.236225
0.236356
0.236487
0.236619
0.23675
0.236881
0.237013
0.237144
0.237275
0.237407
0.237538
0.237669
0.237801
0.237932
0.238063
0.238195
0.238326
0.238458
0.238589
0.23872
0.238852
0.238983
0.239115
0.239246
0.239378
0.239509
0.239641
0.239772
0.239904
0.240035
0.240167
0.240298
0.24043
0.240562
0.240693
0.240825
0.240956
0.241088
0.24122
0.241351
0.241483
0.241614
0.241746
0.241878
0.242009
0.242141
0.242273
0.242405
0.242536
0.242668
0.2428
0.242931
0.243063
0.243195
0.243327
0.243459
0.24359
0.243722
0.243854
0.243986
0.244118
0.244249
0.244381
0.244513
0.244645
0.244777
0.244909
0.245041
0.245173
0.245305
0.245436
0.245568
0.2457
0.245832
0.245964
0.246096
0.246228
0.24636
0.246492
0.246624
0.246756
0.246888
0.24702
0.247152
0.247284
0.247417
0.247549
0.247681
0.247813
0.247945
0.248077
0.248209
0.248341
0.248473
0.248606
0.248738
0.24887
0.249002
0.249134
0.249267
0.249399
0.249531
0.249663
0.249795
0.249928
0.25006
0.250192
0.250325
0.250457
0.250589
0.250721
0.250854
0.250986
0.251118
0.251251
0.251383
0.251516
0.251648
0.25178
0.251913
0.252045
0.252177
0.25231
0.252442
0.252575
0.252707
0.25284
0.252972
0.253105
0.253237
0.25337
0.253502
0.253635
0.253767
0.2539
0.254032
0.254165
0.254297
0.25443
0.254562
0.254695
0.254828
0.25496
0.255093
0.255226
0.255358
0.255491
0.255623
0.255756
0.255889
0.256021
0.256154
0.256287
0.25642
0.256552
0.256685
0.256818
0.25695
0.257083
0.257216
0.257349
0.257482
0.257614
0.257747
0.25788
0.258013
0.258146
0.258278
0.258411
0.258544
0.258677
0.25881
0.258943
0.259076
0.259208
0.259341
0.259474
0.259607
0.25974
0.259873
0.260006
0.260139
0.260272
0.260405
0.260538
0.260671
0.260804
0.260937
0.26107
0.261203
0.261336
0.261469
0.261602
0.261735
0.261868
0.262001
0.262134
0.262268
0.262401
0.262534
0.262667
0.2628
0.262933
0.263066
0.2632
0.263333
0.263466
0.263599
0.263732
0.263865
0.263999
0.264132
0.264265
0.264398
0.264532
0.264665
0.264798
0.264931
0.265065
0.265198
0.265331
0.265465
0.265598
0.265731
0.265865
0.265998
0.266131
0.266265
0.266398
0.266531
0.266665
0.266798
0.266932
0.267065
0.267198
0.267332
0.267465
0.267599
0.267732
0.267866
0.267999
0.268133
0.268266
0.2684
0.268533
0.268667
0.2688
0.268934
0.269067
0.269201
0.269334
0.269468
0.269601
0.269735
0.269869
0.270002
0.270136
0.270269
0.270403
0.270537
0.27067
0.270804
0.270938
0.271071
0.271205
0.271339
0.271472
0.271606
0.27174
0.271874
0.272007
0.272141
0.272275
0.272409
0.272542
0.272676
0.27281
0.272944
0.273077
0.273211
0.273345
0.273479
0.273613
0.273746
0.27388
0.274014
0.274148
0.274282
0.274416
0.27455
0.274684
0.274817
0.274951
0.275085
0.275219
0.275353
0.275487
0.275621
0.275755
0.275889
0.276023
0.276157
0.276291
0.276425
0.276559
0.276693
0.276827
0.276961
0.277095
0.277229
0.277363
0.277497
0.277631
0.277765
0.277899
0.278033
0.278168
0.278302
0.278436
0.27857
0.278704
0.278838
0.278972
0.279107
0.279241
0.279375
0.279509
0.279643
0.279777
0.279912
0.280046
0.28018
0.280314
0.280449
0.280583
0.280717
0.280851
0.280986
0.28112
0.281254
0.281388
0.281523
0.281657
0.281791
0.281926
0.28206
0.282194
0.282329
0.282463
0.282597
0.282732
0.282866
0.283001
0.283135
0.283269
0.283404
0.283538
0.283673
0.283807
0.283941
0.284076
0.28421
0.284345
0.284479
0.284614
0.284748
0.284883
0.285017
0.285152
0.285286
0.285421
0.285555
0.28569
0.285824
0.285959
0.286094
0.286228
0.286363
0.286497
0.286632
0.286766
0.286901
0.287036
0.28717
0.287305
0.28744
0.287574
0.287709
0.287844
0.287978
0.288113
0.288248
0.288382
0.288517
0.288652
0.288786
0.288921
0.289056
0.289191
0.289325
0.28946
0.289595
0.28973
0.289864
0.289999
0.290134
0.290269
0.290403
0.290538
0.290673
0.290808
0.290943
0.291078
0.291212
0.291347
0.291482
0.291617
0.291752
0.291887
0.292022
0.292157
0.292291
0.292426
0.292561
0.292696
0.292831
0.292966
0.293101
0.293236
0.293371
0.293506
0.293641
0.293776
0.293911
0.294046
0.294181
0.294316
0.294451
0.294586
0.294721
0.294856
0.294991
0.295126
0.295261
0.295396
0.295531
0.295666
0.295801
0.295936
0.296072
0.296207
0.296342
0.296477
0.296612
0.296747
0.296882
0.297017
0.297153
0.297288
0.297423
0.297558
0.297693
0.297829
0.297964
0.298099
0.298234
0.298369
0.298505
0.29864
0.298775
0.29891
0.299046
0.299181
0.299316
0.299451
0.299587
0.299722
0.299857
0.299993
0.300128
0.300263
0.300398
0.300534
0.300669
0.300804
0.30094
0.301075
0.301211
0.301346
0.301481
0.301617
0.301752
0.301887
0.302023
0.302158
0.302294
0.302429
0.302565
0.3027
0.302835
0.302971
0.303106
0.303242
0.303377
0.303513
0.303648
0.303784
0.303919
0.304055
0.30419
0.304326
0.304461
0.304597
0.304732
0.304868
0.305003
0.305139
0.305275
0.30541
0.305546
0.305681
0.305817
0.305952
0.306088
0.306224
0.306359
0.306495
0.30663
0.306766
0.306902
0.307037
0.307173
0.307309
0.307444
0.30758
0.307716
0.307851
0.307987
0.308123
0.308258
0.308394
0.30853
0.308666
0.308801
0.308937
0.309073
0.309209
0.309344
0.30948
0.309616
0.309752
0.309887
0.310023
0.310159
0.310295
0.310431
0.310566
0.310702
0.310838
0.310974
0.31111
0.311245
0.311381
0.311517
0.311653
0.311789
0.311925
0.312061
0.312196
0.312332
0.312468
0.312604
0.31274
0.312876
0.313012
0.313148
0.313284
0.31342
0.313556
0.313692
0.313828
0.313963
0.314099
0.314235
0.314371
0.314507
0.314643
0.314779
0.314915
0.315051
0.315187
0.315323
0.315459
0.315595
0.315731
0.315868
0.316004
0.31614
0.316276
0.316412
0.316548
0.316684
0.31682
0.316956
0.317092
0.317228
0.317364
0.3175
0.317637
0.317773
0.317909
0.318045
0.318181
0.318317
0.318453
0.31859
0.318726
0.318862
0.318998
0.319134
0.31927
0.319407
0.319543
0.319679
0.319815
0.319951
0.320088
0.320224
0.32036
0.320496
0.320633
0.320769
0.320905
0.321041
0.321178
0.321314
0.32145
0.321586
0.321723
0.321859
0.321995
0.322132
0.322268
0.322404
0.322541
0.322677
0.322813
0.32295
0.323086
0.323222
0.323359
0.323495
0.323631
0.323768
0.323904
0.32404
0.324177
0.324313
0.32445
0.324586
0.324722
0.324859
0.324995
0.325132
0.325268
0.325404
0.325541
0.325677
0.325814
0.32595
0.326087
0.326223
0.32636
0.326496
0.326633
0.326769
0.326905
0.327042
0.327178
0.327315
0.327451
0.327588
0.327725
0.327861
0.327998
0.328134
0.328271
0.328407
0.328544
0.32868
0.328817
0.328953
0.32909
0.329227
0.329363
0.3295
0.329636
0.329773
0.329909
0.330046
0.330183
0.330319
0.330456
0.330593
0.330729
0.330866
0.331002
0.331139
0.331276
0.331412
0.331549
0.331686
0.331822
0.331959
0.332096
0.332232
0.332369
0.332506
0.332642
0.332779
0.332916
0.333053
0.333189
0.333326
0.333463
0.333599
0.333736
0.333873
0.33401
0.334146
0.334283
0.33442
0.334557
0.334693
0.33483
0.334967
0.335104
0.335241
0.335377
0.335514
0.335651
0.335788
0.335925
0.336061
0.336198
0.336335
0.336472
0.336609
0.336746
0.336882
0.337019
0.337156
0.337293
0.33743
0.337567
0.337703
0.33784
0.337977
0.338114
0.338251
0.338388
0.338525
0.338662
0.338799
0.338935
0.339072
0.339209
0.339346
0.339483
0.33962
0.339757
0.339894
0.340031
0.340168
0.340305
0.340442
0.340579
0.340716
0.340853
0.34099
0.341127
0.341264
0.341401
0.341538
0.341675
0.341812
0.341949
0.342086
0.342223
0.34236
0.342497
0.342634
0.342771
0.342908
0.343045
0.343182
0.343319
0.343456
0.343593
0.34373
0.343867
0.344004
0.344141
0.344278
0.344415
0.344552
0.344689
0.344826
0.344964
0.345101
0.345238
0.345375
0.345512
0.345649
0.345786
0.345923
0.34606
0.346198
0.346335
0.346472
0.346609
0.346746
0.346883
0.34702
0.347158
0.347295
0.347432
0.347569
0.347706
0.347843
0.347981
0.348118
0.348255
0.348392
0.348529
0.348667
0.348804
0.348941
0.349078
0.349215
0.349353
0.34949
0.349627
0.349764
0.349901
0.350039
0.350176
0.350313
0.35045
0.350588
0.350725
0.350862
0.350999
0.351137
0.351274
0.351411
0.351548
0.351686
0.351823
0.35196
0.352098
0.352235
0.352372
0.352509
0.352647
0.352784
0.352921
0.353059
0.353196
0.353333
0.353471
0.353608
0.353745
0.353883
0.35402
0.354157
0.354295
0.354432
0.354569
0.354707
0.354844
0.354981
0.355119
0.355256
0.355393
0.355531
0.355668
0.355806
0.355943
0.35608
0.356218
0.356355
0.356493
0.35663
0.356767
0.356905
0.357042
0.35718
0.357317
0.357454
0.357592
0.357729
0.357867
0.358004
0.358141
0.358279
0.358416
0.358554
0.358691
0.358829
0.358966
0.359104
0.359241
0.359378
0.359516
0.359653
0.359791
0.359928
0.360066
0.360203
0.360341
0.360478
0.360616
0.360753
0.360891
0.361028
0.361166
0.361303
0.361441
0.361578
0.361716
0.361853
0.361991
0.362128
0.362266
0.362403
0.362541
0.362678
0.362816
0.362953
0.363091
0.363229
0.363366
0.363504
0.363641
0.363779
0.363916
0.364054
0.364191
0.364329
0.364466
0.364604
0.364742
0.364879
0.365017
0.365154
0.365292
0.36543
0.365567
0.365705
0.365842
0.36598
0.366117
0.366255
0.366393
0.36653
0.366668
0.366805
0.366943
0.367081
0.367218
0.367356
0.367494
0.367631
0.367769
0.367906
0.368044
0.368182
0.368319
0.368457
0.368595
0.368732
0.36887
0.369008
0.369145
0.369283
0.36942
0.369558
0.369696
0.369833
0.369971
0.370109
0.370246
0.370384
0.370522
0.370659
0.370797
0.370935
0.371073
0.37121
0.371348
0.371486
0.371623
0.371761
0.371899
0.372036
0.372174
0.372312
0.372449
0.372587
0.372725
0.372863
0.373
0.373138
0.373276
0.373413
0.373551
0.373689
0.373827
0.373964
0.374102
0.37424
0.374377
0.374515
0.374653
0.374791
0.374928
0.375066
0.375204
0.375342
0.375479
0.375617
0.375755
0.375893
0.37603
0.376168
0.376306
0.376444
0.376581
0.376719
0.376857
0.376995
0.377132
0.37727
0.377408
0.377546
0.377684
0.377821
0.377959
0.378097
0.378235
0.378372
0.37851
0.378648
0.378786
0.378924
0.379061
0.379199
0.379337
0.379475
0.379613
0.37975
0.379888
0.380026
0.380164
0.380302
0.380439
0.380577
0.380715
0.380853
0.380991
0.381129
0.381266
0.381404
0.381542
0.38168
0.381818
0.381955
0.382093
0.382231
0.382369
0.382507
0.382645
0.382782
0.38292
0.383058
0.383196
0.383334
0.383472
0.383609
0.383747
0.383885
0.384023
0.384161
0.384299
0.384437
0.384574
0.384712
0.38485
0.384988
0.385126
0.385264
0.385402
0.385539
0.385677
0.385815
0.385953
0.386091
0.386229
0.386367
0.386504
0.386642
0.38678
0.386918
0.387056
0.387194
0.387332
0.38747
0.387607
0.387745
0.387883
0.388021
0.388159
0.388297
0.388435
0.388573
0.38871
0.388848
0.388986
0.389124
0.389262
0.3894
0.389538
0.389676
0.389814
0.389951
0.390089
0.390227
0.390365
0.390503
0.390641
0.390779
0.390917
0.391055
0.391192
0.39133
0.391468
0.391606
0.391744
0.391882
0.39202
0.392158
0.392296
0.392434
0.392572
0.392709
0.392847
0.392985
0.393123
0.393261
0.393399
0.393537
0.393675
0.393813
0.393951
0.394089
0.394226
0.394364
0.394502
0.39464
0.394778
0.394916
0.395054
0.395192
0.39533
0.395468
0.395606
0.395744
0.395881
0.396019
0.396157
0.396295
0.396433
0.396571
0.396709
0.396847
0.396985
0.397123
0.397261
0.397399
0.397536
0.397674
0.397812
0.39795
0.398088
0.398226
0.398364
0.398502
0.39864
0.398778
0.398916
0.399054
0.399192
0.39933
0.399467
0.399605
0.399743
0.399881
0.400019
0.400157
0.400295
0.400433
0.400571
0.400709
0.400847
0.400985
0.401123
0.401261
0.401398
0.401536
0.401674
0.401812
0.40195
0.402088
0.402226
0.402364
0.402502
0.40264
0.402778
0.402916
0.403054
0.403192
0.403329
0.403467
0.403605
0.403743
0.403881
0.404019
0.404157
0.404295
0.404433
0.404571
0.404709
0.404847
0.404985
0.405123
0.40526
0.405398
0.405536
0.405674
0.405812
0.40595
0.406088
0.406226
0.406364
0.406502
0.40664
0.406778
0.406916
0.407053
0.407191
0.407329
0.407467
0.407605
0.407743
0.407881
0.408019
0.408157
0.408295
0.408433
0.408571
0.408708
0.408846
0.408984
0.409122
0.40926
0.409398
0.409536
0.409674
0.409812
0.40995
0.410088
0.410226
0.410363
0.410501
0.410639
0.410777
0.410915
0.411053
0.411191
0.411329
0.411467
0.411605
0.411742
0.41188
0.412018
0.412156
0.412294
0.412432
0.41257
0.412708
0.412846
0.412984
0.413121
0.413259
0.413397
0.413535
0.413673
0.413811
0.413949
0.414087
0.414225
0.414362
0.4145
0.414638
0.414776
0.414914
0.415052
0.41519
0.415328
0.415466
0.415603
0.415741
0.415879
0.416017
0.416155
0.416293
0.416431
0.416569
0.416706
0.416844
0.416982
0.41712
0.417258
0.417396
0.417534
0.417671
0.417809
0.417947
0.418085
0.418223
0.418361
0.418499
0.418636
0.418774
0.418912
0.41905
0.419188
0.419326
0.419464
0.419601
0.419739
0.419877
0.420015
0.420153
0.420291
0.420428
0.420566
0.420704
0.420842
0.42098
0.421118
0.421255
0.421393
0.421531
0.421669
0.421807
0.421945
0.422082
0.42222
0.422358
0.422496
0.422634
0.422771
0.422909
0.423047
0.423185
0.423323
0.42346
0.423598
0.423736
0.423874
0.424012
0.424149
0.424287
0.424425
0.424563
0.424701
0.424838
0.424976
0.425114
0.425252
0.42539
0.425527
0.425665
0.425803
0.425941
0.426078
0.426216
0.426354
0.426492
0.426629
0.426767
0.426905
0.427043
0.42718
0.427318
0.427456
0.427594
0.427731
0.427869
0.428007
0.428145
0.428282
0.42842
0.428558
0.428696
0.428833
0.428971
0.429109
0.429247
0.429384
0.429522
0.42966
0.429797
0.429935
0.430073
0.430211
0.430348
0.430486
0.430624
0.430761
0.430899
0.431037
0.431175
0.431312
0.43145
0.431588
0.431725
0.431863
0.432001
0.432138
0.432276
0.432414
0.432551
0.432689
0.432827
0.432964
0.433102
0.43324
0.433377
0.433515
0.433653
0.43379
0.433928
0.434066
0.434203
0.434341
0.434479
0.434616
0.434754
0.434891
0.435029
0.435167
0.435304
0.435442
0.43558
0.435717
0.435855
0.435992
0.43613
0.436268
0.436405
0.436543
0.43668
0.436818
0.436956
0.437093
0.437231
0.437368
0.437506
0.437644
0.437781
0.437919
0.438056
0.438194
0.438331
0.438469
0.438607
0.438744
0.438882
0.439019
0.439157
0.439294
0.439432
0.439569
0.439707
0.439845
0.439982
0.44012
0.440257
0.440395
0.440532
0.44067
0.440807
0.440945
0.441082
0.44122
0.441357
0.441495
0.441632
0.44177
0.441907
0.442045
0.442182
0.44232
0.442457
0.442595
0.442732
0.44287
0.443007
0.443145
0.443282
0.443419
0.443557
0.443694
0.443832
0.443969
0.444107
0.444244
0.444382
0.444519
0.444656
0.444794
0.444931
0.445069
0.445206
0.445344
0.445481
0.445618
0.445756
0.445893
0.446031
0.446168
0.446305
0.446443
0.44658
0.446718
0.446855
0.446992
0.44713
0.447267
0.447404
0.447542
0.447679
0.447816
0.447954
0.448091
0.448229
0.448366
0.448503
0.448641
0.448778
0.448915
0.449053
0.44919
0.449327
0.449464
0.449602
0.449739
0.449876
0.450014
0.450151
0.450288
0.450426
0.450563
0.4507
0.450837
0.450975
0.451112
0.451249
0.451386
0.451524
0.451661
0.451798
0.451935
0.452073
0.45221
0.452347
0.452484
0.452622
0.452759
0.452896
0.453033
0.453171
0.453308
0.453445
0.453582
0.453719
0.453857
0.453994
0.454131
0.454268
0.454405
0.454542
0.45468
0.454817
0.454954
0.455091
0.455228
0.455365
0.455503
0.45564
0.455777
0.455914
0.456051
0.456188
0.456325
0.456462
0.4566
0.456737
0.456874
0.457011
0.457148
0.457285
0.457422
0.457559
0.457696
0.457833
0.45797
0.458107
0.458245
0.458382
0.458519
0.458656
0.458793
0.45893
0.459067
0.459204
0.459341
0.459478
0.459615
0.459752
0.459889
0.460026
0.460163
0.4603
0.460437
0.460574
0.460711
0.460848
0.460985
0.461122
0.461259
0.461396
0.461533
0.46167
0.461807
0.461944
0.46208
0.462217
0.462354
0.462491
0.462628
0.462765
0.462902
0.463039
0.463176
0.463313
0.46345
0.463586
0.463723
0.46386
0.463997
0.464134
0.464271
0.464408
0.464545
0.464681
0.464818
0.464955
0.465092
0.465229
0.465366
0.465502
0.465639
0.465776
0.465913
0.46605
0.466186
0.466323
0.46646
0.466597
0.466734
0.46687
0.467007
0.467144
0.467281
0.467417
0.467554
0.467691
0.467828
0.467964
0.468101
0.468238
0.468374
0.468511
0.468648
0.468785
0.468921
0.469058
0.469195
0.469331
0.469468
0.469605
0.469741
0.469878
0.470015
0.470151
0.470288
0.470425
0.470561
0.470698
0.470834
0.470971
0.471108
0.471244
0.471381
0.471518
0.471654
0.471791
0.471927
0.472064
0.4722
0.472337
0.472474
0.47261
0.472747
0.472883
0.47302
0.473156
0.473293
0.473429
0.473566
0.473702
0.473839
0.473975
0.474112
0.474248
0.474385
0.474521
0.474658
0.474794
0.474931
0.475067
0.475204
0.47534
0.475476
0.475613
0.475749
0.475886
0.476022
0.476159
0.476295
0.476431
0.476568
0.476704
0.476841
0.476977
0.477113
0.47725
0.477386
0.477522
0.477659
0.477795
0.477931
0.478068
0.478204
0.47834
0.478477
0.478613
0.478749
0.478886
0.479022
0.479158
0.479294
0.479431
0.479567
0.479703
0.47984
0.479976
0.480112
0.480248
0.480384
0.480521
0.480657
0.480793
0.480929
0.481066
0.481202
0.481338
0.481474
0.48161
0.481746
0.481883
0.482019
0.482155
0.482291
0.482427
0.482563
0.482699
0.482836
0.482972
0.483108
0.483244
0.48338
0.483516
0.483652
0.483788
0.483924
0.48406
0.484196
0.484333
0.484469
0.484605
0.484741
0.484877
0.485013
0.485149
0.485285
0.485421
0.485557
0.485693
0.485829
0.485965
0.486101
0.486237
0.486373
0.486509
0.486644
0.48678
0.486916
0.487052
0.487188
0.487324
0.48746
0.487596
0.487732
0.487868
0.488004
0.488139
0.488275
0.488411
0.488547
0.488683
0.488819
0.488955
0.48909
0.489226
0.489362
0.489498
0.489634
0.489769
0.489905
0.490041
0.490177
0.490312
0.490448
0.490584
0.49072
0.490855
0.490991
0.491127
0.491263
0.491398
0.491534
0.49167
0.491805
0.491941
0.492077
0.492212
0.492348
0.492484
0.492619
0.492755
0.492891
0.493026
0.493162
0.493298
0.493433
0.493569
0.493704
0.49384
0.493976
0.494111
0.494247
0.494382
0.494518
0.494653
0.494789
0.494924
0.49506
0.495195
0.495331
0.495466
0.495602
0.495737
0.495873
0.496008
0.496144
0.496279
0.496415
0.49655
0.496686
0.496821
0.496957
0.497092
0.497227
0.497363
0.497498
0.497634
0.497769
0.497904
0.49804
0.498175
0.49831
0.498446
0.498581
0.498716
0.498852
0.498987
0.499122
0.499258
0.499393
0.499528
0.499663
0.499799
0.499934
0.500069
0.500204
0.50034
0.500475
0.50061
0.500745
0.500881
0.501016
0.501151
0.501286
0.501421
0.501556
0.501692
0.501827
0.501962
0.502097
0.502232
0.502367
0.502502
0.502638
0.502773
0.502908
0.503043
0.503178
0.503313
0.503448
0.503583
0.503718
0.503853
0.503988
0.504123
0.504258
0.504393
0.504528
0.504663
0.504798
0.504933
0.505068
0.505203
0.505338
0.505473
0.505608
0.505743
0.505878
0.506013
0.506148
0.506283
0.506417
0.506552
0.506687
0.506822
0.506957
0.507092
0.507227
0.507361
0.507496
0.507631
0.507766
0.507901
0.508035
0.50817
0.508305
0.50844
0.508575
0.508709
0.508844
0.508979
0.509114
0.509248
0.509383
0.509518
0.509652
0.509787
0.509922
0.510056
0.510191
0.510326
0.51046
0.510595
0.51073
0.510864
0.510999
0.511133
0.511268
0.511403
0.511537
0.511672
0.511806
0.511941
0.512075
0.51221
0.512344
0.512479
0.512613
0.512748
0.512882
0.513017
0.513151
0.513286
0.51342
0.513555
0.513689
0.513824
0.513958
0.514093
0.514227
0.514361
0.514496
0.51463
0.514764
0.514899
0.515033
0.515168
0.515302
0.515436
0.515571
0.515705
0.515839
0.515973
0.516108
0.516242
0.516376
0.51651
0.516645
0.516779
0.516913
0.517047
0.517182
0.517316
0.51745
0.517584
0.517718
0.517853
0.517987
0.518121
0.518255
0.518389
0.518523
0.518657
0.518792
0.518926
0.51906
0.519194
0.519328
0.519462
0.519596
0.51973
0.519864
0.519998
0.520132
0.520266
0.5204
0.520534
0.520668
0.520802
0.520936
0.52107
0.521204
0.521338
0.521472
0.521606
0.52174
0.521874
0.522007
0.522141
0.522275
0.522409
0.522543
0.522677
0.522811
0.522944
0.523078
0.523212
0.523346
0.52348
0.523613
0.523747
0.523881
0.524015
0.524148
0.524282
0.524416
0.52455
0.524683
0.524817
0.524951
0.525084
0.525218
0.525352
0.525485
0.525619
0.525753
0.525886
0.52602
0.526153
0.526287
0.526421
0.526554
0.526688
0.526821
0.526955
0.527088
0.527222
0.527355
0.527489
0.527622
0.527756
0.527889
0.528023
0.528156
0.52829
0.528423
0.528557
0.52869
0.528823
0.528957
0.52909
0.529224
0.529357
0.52949
0.529624
0.529757
0.52989
0.530024
0.530157
0.53029
0.530423
0.530557
0.53069
0.530823
0.530957
0.53109
0.531223
0.531356
0.531489
0.531623
0.531756
0.531889
0.532022
0.532155
0.532289
0.532422
0.532555
0.532688
0.532821
0.532954
0.533087
0.53322
0.533353
0.533486
0.533619
0.533753
0.533886
0.534019
0.534152
0.534285
0.534418
0.534551
0.534683
0.534816
0.534949
0.535082
0.535215
0.535348
0.535481
0.535614
0.535747
0.53588
0.536013
0.536145
0.536278
0.536411
0.536544
0.536677
0.53681
0.536942
0.537075
0.537208
0.537341
0.537473
0.537606
0.537739
0.537872
0.538004
0.538137
0.53827
0.538402
0.538535
0.538668
0.5388
0.538933
0.539066
0.539198
0.539331
0.539464
0.539596
0.539729
0.539861
0.539994
0.540126
0.540259
0.540391
0.540524
0.540656
0.540789
0.540921
0.541054
0.541186
0.541319
0.541451
0.541584
0.541716
0.541848
0.541981
0.542113
0.542246
0.542378
0.54251
0.542643
0.542775
0.542907
0.54304
0.543172
0.543304
0.543436
0.543569
0.543701
0.543833
0.543965
0.544098
0.54423
0.544362
0.544494
0.544626
0.544759
0.544891
0.545023
0.545155
0.545287
0.545419
0.545551
0.545683
0.545816
0.545948
0.54608
0.546212
0.546344
0.546476
0.546608
0.54674
0.546872
0.547004
0.547136
0.547268
0.5474
0.547532
0.547663
0.547795
0.547927
0.548059
0.548191
0.548323
0.548455
0.548587
0.548718
0.54885
0.548982
0.549114
0.549246
0.549377
0.549509
0.549641
0.549773
0.549904
0.550036
0.550168
0.5503
0.550431
0.550563
0.550695
0.550826
0.550958
0.55109
0.551221
0.551353
0.551484
0.551616
0.551748
0.551879
0.552011
0.552142
0.552274
0.552405
0.552537
0.552668
0.5528
0.552931
0.553063
0.553194
0.553325
0.553457
0.553588
0.55372
0.553851
0.553982
0.554114
0.554245
0.554377
0.554508
0.554639
0.55477
0.554902
0.555033
0.555164
0.555296
0.555427
0.555558
0.555689
0.555821
0.555952
0.556083
0.556214
0.556345
0.556476
0.556608
0.556739
0.55687
0.557001
0.557132
0.557263
0.557394
0.557525
0.557656
0.557787
0.557918
0.558049
0.55818
0.558311
0.558442
0.558573
0.558704
0.558835
0.558966
0.559097
0.559228
0.559359
0.55949
0.55962
0.559751
0.559882
0.560013
0.560144
0.560275
0.560405
0.560536
0.560667
0.560798
0.560928
0.561059
0.56119
0.561321
0.561451
0.561582
0.561713
0.561843
0.561974
0.562105
0.562235
0.562366
0.562496
0.562627
0.562758
0.562888
0.563019
0.563149
0.56328
0.56341
0.563541
0.563671
0.563802
0.563932
0.564063
0.564193
0.564324
0.564454
0.564584
0.564715
0.564845
0.564975
0.565106
0.565236
0.565366
0.565497
0.565627
0.565757
0.565888
0.566018
0.566148
0.566278
0.566409
0.566539
0.566669
0.566799
0.566929
0.56706
0.56719
0.56732
0.56745
0.56758
0.56771
0.56784
0.56797
0.5681
0.56823
0.568361
0.568491
0.568621
0.568751
0.568881
0.569011
0.56914
0.56927
0.5694
0.56953
0.56966
0.56979
0.56992
0.57005
0.57018
0.57031
0.570439
0.570569
0.570699
0.570829
0.570959
0.571088
0.571218
0.571348
0.571478
0.571607
0.571737
0.571867
0.571996
0.572126
0.572256
0.572385
0.572515
0.572645
0.572774
0.572904
0.573033
0.573163
0.573292
0.573422
0.573551
0.573681
0.57381
0.57394
0.574069
0.574199
0.574328
0.574458
0.574587
0.574717
0.574846
0.574975
0.575105
0.575234
0.575363
0.575493
0.575622
0.575751
0.575881
0.57601
0.576139
0.576268
0.576398
0.576527
0.576656
0.576785
0.576914
0.577043
0.577173
0.577302
0.577431
0.57756
0.577689
0.577818
0.577947
0.578076
0.578205
0.578334
0.578463
0.578592
0.578721
0.57885
0.578979
0.579108
0.579237
0.579366
0.579495
0.579624
0.579753
0.579882
0.580011
0.580139
0.580268
0.580397
0.580526
0.580655
0.580783
0.580912
0.581041
0.58117
0.581298
0.581427
0.581556
0.581684
0.581813
0.581942
0.58207
0.582199
0.582328
0.582456
0.582585
0.582713
0.582842
0.58297
0.583099
0.583227
0.583356
0.583484
0.583613
0.583741
0.58387
0.583998
0.584127
0.584255
0.584383
0.584512
0.58464
0.584768
0.584897
0.585025
0.585153
0.585282
0.58541
0.585538
0.585667
0.585795
0.585923
0.586051
0.586179
0.586308
0.586436
0.586564
0.586692
0.58682
0.586948
0.587076
0.587204
0.587332
0.587461
0.587589
0.587717
0.587845
0.587973
0.588101
0.588229
0.588356
0.588484
0.588612
0.58874
0.588868
0.588996
0.589124
0.589252
0.58938
0.589507
0.589635
0.589763
0.589891
0.590019
0.590146
0.590274
0.590402
0.590529
0.590657
0.590785
0.590913
0.59104
0.591168
0.591295
0.591423
0.591551
0.591678
0.591806
0.591933
0.592061
0.592188
0.592316
0.592443
0.592571
0.592698
0.592826
0.592953
0.593081
0.593208
0.593335
0.593463
0.59359
0.593718
0.593845
0.593972
0.5941
0.594227
0.594354
0.594481
0.594609
0.594736
0.594863
0.59499
0.595117
0.595245
0.595372
0.595499
0.595626
0.595753
0.59588
0.596007
0.596134
0.596261
0.596389
0.596516
0.596643
0.59677
0.596897
0.597024
0.59715
0.597277
0.597404
0.597531
0.597658
0.597785
0.597912
0.598039
0.598166
0.598292
0.598419
0.598546
0.598673
0.5988
0.598926
0.599053
0.59918
0.599306
0.599433
0.59956
0.599686
0.599813
0.59994
0.600066
0.600193
0.600319
0.600446
0.600573
0.600699
0.600826
0.600952
0.601079
0.601205
0.601332
0.601458
0.601584
0.601711
0.601837
0.601964
0.60209
0.602216
0.602343
0.602469
0.602595
0.602722
0.602848
0.602974
0.6031
0.603227
0.603353
0.603479
0.603605
0.603731
0.603858
0.603984
0.60411
0.604236
0.604362
0.604488
0.604614
0.60474
0.604866
0.604992
0.605118
0.605244
0.60537
0.605496
0.605622
0.605748
0.605874
0.606
0.606126
0.606252
0.606378
0.606503
0.606629
0.606755
0.606881
0.607007
0.607132
0.607258
0.607384
0.60751
0.607635
0.607761
0.607887
0.608012
0.608138
0.608263
0.608389
0.608515
0.60864
0.608766
0.608891
0.609017
0.609142
0.609268
0.609393
0.609519
0.609644
0.60977
0.609895
0.61002
0.610146
0.610271
0.610397
0.610522
0.610647
0.610773
0.610898
0.611023
0.611148
0.611274
0.611399
0.611524
0.611649
0.611774
0.6119
0.612025
0.61215
0.612275
0.6124
0.612525
0.61265
0.612775
0.6129
0.613025
0.61315
0.613275
0.6134
0.613525
0.61365
0.613775
0.6139
0.614025
0.61415
0.614275
0.6144
0.614524
0.614649
0.614774
0.614899
0.615024
0.615148
0.615273
0.615398
0.615522
0.615647
0.615772
0.615896
0.616021
0.616146
0.61627
0.616395
0.616519
0.616644
0.616769
0.616893
0.617018
0.617142
0.617267
0.617391
0.617515
0.61764
0.617764
0.617889
0.618013
0.618137
0.618262
0.618386
0.61851
0.618635
0.618759
0.618883
0.619008
0.619132
0.619256
0.61938
0.619504
0.619629
0.619753
0.619877
0.620001
0.620125
0.620249
0.620373
0.620497
0.620621
0.620745
0.620869
0.620993
0.621117
0.621241
0.621365
0.621489
0.621613
0.621737
0.621861
0.621985
0.622108
0.622232
0.622356
0.62248
0.622604
0.622727
0.622851
0.622975
0.623099
0.623222
0.623346
0.62347
0.623593
0.623717
0.62384
0.623964
0.624088
0.624211
0.624335
0.624458
0.624582
0.624705
0.624829
0.624952
0.625076
0.625199
0.625322
0.625446
0.625569
0.625693
0.625816
0.625939
0.626063
0.626186
0.626309
0.626432
0.626556
0.626679
0.626802
0.626925
0.627048
0.627172
0.627295
0.627418
0.627541
0.627664
0.627787
0.62791
0.628033
0.628156
0.628279
0.628402
0.628525
0.628648
0.628771
0.628894
0.629017
0.62914
0.629263
0.629385
0.629508
0.629631
0.629754
0.629877
0.629999
0.630122
0.630245
0.630368
0.63049
0.630613
0.630736
0.630858
0.630981
0.631104
0.631226
0.631349
0.631471
0.631594
0.631716
0.631839
0.631961
0.632084
0.632206
0.632329
0.632451
0.632574
0.632696
0.632818
0.632941
0.633063
0.633185
0.633308
0.63343
0.633552
0.633675
0.633797
0.633919
0.634041
0.634163
0.634286
0.634408
0.63453
0.634652
0.634774
0.634896
0.635018
0.63514
0.635262
0.635384
0.635506
0.635628
0.63575
0.635872
0.635994
0.636116
0.636238
0.63636
0.636482
0.636603
0.636725
0.636847
0.636969
0.637091
0.637212
0.637334
0.637456
0.637578
0.637699
0.637821
0.637943
0.638064
0.638186
0.638307
0.638429
0.63855
0.638672
0.638794
0.638915
0.639037
0.639158
0.639279
0.639401
0.639522
0.639644
0.639765
0.639886
0.640008
0.640129
0.64025
0.640372
0.640493
0.640614
0.640736
0.640857
0.640978
0.641099
0.64122
0.641341
0.641463
0.641584
0.641705
0.641826
0.641947
0.642068
0.642189
0.64231
0.642431
0.642552
0.642673
0.642794
0.642915
0.643036
0.643157
0.643277
0.643398
0.643519
0.64364
0.643761
0.643882
0.644002
0.644123
0.644244
0.644364
0.644485
0.644606
0.644727
0.644847
0.644968
0.645088
0.645209
0.64533
0.64545
0.645571
0.645691
0.645812
0.645932
0.646053
0.646173
0.646293
0.646414
0.646534
0.646655
0.646775
0.646895
0.647016
0.647136
0.647256
0.647376
0.647497
0.647617
0.647737
0.647857
0.647977
0.648097
0.648218
0.648338
0.648458
0.648578
0.648698
0.648818
0.648938
0.649058
0.649178
0.649298
0.649418
0.649538
0.649658
0.649778
0.649898
0.650017
0.650137
0.650257
0.650377
0.650497
0.650616
0.650736
0.650856
0.650976
0.651095
0.651215
0.651335
0.651454
0.651574
0.651693
0.651813
0.651933
0.652052
0.652172
0.652291
0.652411
0.65253
0.65265
0.652769
0.652888
0.653008
0.653127
0.653247
0.653366
0.653485
0.653605
0.653724
0.653843
0.653962
0.654082
0.654201
0.65432
0.654439
0.654558
0.654678
0.654797
0.654916
0.655035
0.655154
0.655273
0.655392
0.655511
0.65563
0.655749
0.655868
0.655987
0.656106
0.656225
0.656344
0.656462
0.656581
0.6567
0.656819
0.656938
0.657056
0.657175
0.657294
0.657413
0.657531
0.65765
0.657769
0.657887
0.658006
0.658124
0.658243
0.658362
0.65848
0.658599
0.658717
0.658836
0.658954
0.659073
0.659191
0.659309
0.659428
0.659546
0.659665
0.659783
0.659901
0.66002
0.660138
0.660256
0.660374
0.660493
0.660611
0.660729
0.660847
0.660965
0.661083
0.661201
0.66132
0.661438
0.661556
0.661674
0.661792
0.66191
0.662028
0.662146
0.662264
0.662382
0.662499
0.662617
0.662735
0.662853
0.662971
0.663089
0.663206
0.663324
0.663442
0.66356
0.663677
0.663795
0.663913
0.66403
0.664148
0.664266
0.664383
0.664501
0.664618
0.664736
0.664853
0.664971
0.665088
0.665206
0.665323
0.665441
0.665558
0.665676
0.665793
0.66591
0.666028
0.666145
0.666262
0.66638
0.666497
0.666614
0.666731
0.666848
0.666966
0.667083
0.6672
0.667317
0.667434
0.667551
0.667668
0.667785
0.667902
0.668019
0.668136
0.668253
0.66837
0.668487
0.668604
0.668721
0.668838
0.668955
0.669071
0.669188
0.669305
0.669422
0.669539
0.669655
0.669772
0.669889
0.670005
0.670122
0.670239
0.670355
0.670472
0.670588
0.670705
0.670822
0.670938
0.671055
0.671171
0.671288
0.671404
0.67152
0.671637
0.671753
0.67187
0.671986
0.672102
0.672218
0.672335
0.672451
0.672567
0.672684
0.6728
0.672916
0.673032
0.673148
0.673264
0.67338
0.673497
0.673613
0.673729
0.673845
0.673961
0.674077
0.674193
0.674309
0.674425
0.67454
0.674656
0.674772
0.674888
0.675004
0.67512
0.675236
0.675351
0.675467
0.675583
0.675698
0.675814
0.67593
0.676046
0.676161
0.676277
0.676392
0.676508
0.676624
0.676739
0.676855
0.67697
0.677086
0.677201
0.677316
0.677432
0.677547
0.677663
0.677778
0.677893
0.678009
0.678124
0.678239
0.678354
0.67847
0.678585
0.6787
0.678815
0.67893
0.679046
0.679161
0.679276
0.679391
0.679506
0.679621
0.679736
0.679851
0.679966
0.680081
0.680196
0.680311
0.680426
0.680541
0.680656
0.68077
0.680885
0.681
0.681115
0.68123
0.681344
0.681459
0.681574
0.681688
0.681803
0.681918
0.682032
0.682147
0.682261
0.682376
0.682491
0.682605
0.68272
0.682834
0.682949
0.683063
0.683177
0.683292
0.683406
0.683521
0.683635
0.683749
0.683864
0.683978
0.684092
0.684206
0.684321
0.684435
0.684549
0.684663
0.684777
0.684891
0.685005
0.68512
0.685234
0.685348
0.685462
0.685576
0.68569
0.685804
0.685917
0.686031
0.686145
0.686259
0.686373
0.686487
0.686601
0.686714
0.686828
0.686942
0.687056
0.687169
0.687283
0.687397
0.68751
0.687624
0.687738
0.687851
0.687965
0.688078
0.688192
0.688305
0.688419
0.688532
0.688646
0.688759
0.688873
0.688986
0.689099
0.689213
0.689326
0.689439
0.689553
0.689666
0.689779
0.689892
0.690006
0.690119
0.690232
0.690345
0.690458
0.690571
0.690685
0.690798
0.690911
0.691024
0.691137
0.69125
0.691363
0.691476
0.691588
0.691701
0.691814
0.691927
0.69204
0.692153
0.692265
0.692378
0.692491
0.692604
0.692716
0.692829
0.692942
0.693054
0.693167
0.69328
0.693392
0.693505
0.693617
0.69373
0.693842
0.693955
0.694067
0.69418
0.694292
0.694405
0.694517
0.694629
0.694742
0.694854
0.694966
0.695079
0.695191
0.695303
0.695415
0.695528
0.69564
0.695752
0.695864
0.695976
0.696088
0.6962
0.696312
0.696424
0.696536
0.696648
0.69676
0.696872
0.696984
0.697096
0.697208
0.69732
0.697432
0.697544
0.697655
0.697767
0.697879
0.697991
0.698102
0.698214
0.698326
0.698437
0.698549
0.698661
0.698772
0.698884
0.698995
0.699107
0.699218
0.69933
0.699441
0.699553
0.699664
0.699776
0.699887
0.699998
0.70011
0.700221
0.700332
0.700444
0.700555
0.700666
0.700777
0.700889
0.701
0.701111
0.701222
0.701333
0.701444
0.701555
0.701666
0.701777
0.701888
0.701999
0.70211
0.702221
0.702332
0.702443
0.702554
0.702665
0.702776
0.702887
0.702997
0.703108
0.703219
0.70333
0.70344
0.703551
0.703662
0.703772
0.703883
0.703994
0.704104
0.704215
0.704325
0.704436
0.704546
0.704657
0.704767
0.704878
0.704988
0.705099
0.705209
0.705319
0.70543
0.70554
0.70565
0.70576
0.705871
0.705981
0.706091
0.706201
0.706311
0.706422
0.706532
0.706642
0.706752
0.706862
0.706972
0.707082
0.707192
0.707302
0.707412
0.707522
0.707632
0.707742
0.707852
0.707961
0.708071
0.708181
0.708291
0.708401
0.70851
0.70862
0.70873
0.708839
0.708949
0.709059
0.709168
0.709278
0.709387
0.709497
0.709607
0.709716
0.709826
0.709935
0.710044
0.710154
0.710263
0.710373
0.710482
0.710591
0.710701
0.71081
0.710919
0.711028
0.711138
0.711247
0.711356
0.711465
0.711574
0.711683
0.711793
0.711902
0.712011
0.71212
0.712229
0.712338
0.712447
0.712556
0.712665
0.712774
0.712882
0.712991
0.7131
0.713209
0.713318
0.713427
0.713535
0.713644
0.713753
0.713861
0.71397
0.714079
0.714187
0.714296
0.714405
0.714513
0.714622
0.71473
0.714839
0.714947
0.715056
0.715164
0.715272
0.715381
0.715489
0.715598
0.715706
0.715814
0.715922
0.716031
0.716139
0.716247
0.716355
0.716464
0.716572
0.71668
0.716788
0.716896
0.717004
0.717112
0.71722
0.717328
0.717436
0.717544
0.717652
0.71776
0.717868
0.717976
0.718084
0.718191
0.718299
0.718407
0.718515
0.718622
0.71873
0.718838
0.718946
0.719053
0.719161
0.719268
0.719376
0.719484
0.719591
0.719699
0.719806
0.719914
0.720021
0.720129
0.720236
0.720343
0.720451
0.720558
0.720665
0.720773
0.72088
0.720987
0.721095
0.721202
0.721309
0.721416
0.721523
0.72163
0.721738
0.721845
0.721952
0.722059
0.722166
0.722273
0.72238
0.722487
0.722594
0.722701
0.722807
0.722914
0.723021
0.723128
0.723235
0.723342
0.723448
0.723555
0.723662
0.723768
0.723875
0.723982
0.724088
0.724195
0.724302
0.724408
0.724515
0.724621
0.724728
0.724834
0.724941
0.725047
0.725154
0.72526
0.725366
0.725473
0.725579
0.725685
0.725792
0.725898
0.726004
0.72611
0.726216
0.726323
0.726429
0.726535
0.726641
0.726747
0.726853
0.726959
0.727065
0.727171
0.727277
0.727383
0.727489
0.727595
0.727701
0.727807
0.727912
0.728018
0.728124
0.72823
0.728336
0.728441
0.728547
0.728653
0.728758
0.728864
0.72897
0.729075
0.729181
0.729286
0.729392
0.729497
0.729603
0.729708
0.729814
0.729919
0.730025
0.73013
0.730235
0.730341
0.730446
0.730551
0.730657
0.730762
0.730867
0.730972
0.731077
0.731183
0.731288
0.731393
0.731498
0.731603
0.731708
0.731813
0.731918
0.732023
0.732128
0.732233
0.732338
0.732443
0.732548
0.732652
0.732757
0.732862
0.732967
0.733072
0.733176
0.733281
0.733386
0.73349
0.733595
0.7337
0.733804
0.733909
0.734013
0.734118
0.734222
0.734327
0.734431
0.734536
0.73464
0.734745
0.734849
0.734953
0.735058
0.735162
0.735266
0.735371
0.735475
0.735579
0.735683
0.735787
0.735892
0.735996
0.7361
0.736204
0.736308
0.736412
0.736516
0.73662
0.736724
0.736828
0.736932
0.737036
0.73714
0.737244
0.737347
0.737451
0.737555
0.737659
0.737763
0.737866
0.73797
0.738074
0.738177
0.738281
0.738385
0.738488
0.738592
0.738695
0.738799
0.738902
0.739006
0.739109
0.739213
0.739316
0.73942
0.739523
0.739626
0.73973
0.739833
0.739936
0.740039
0.740143
0.740246
0.740349
0.740452
0.740555
0.740659
0.740762
0.740865
0.740968
0.741071
0.741174
0.741277
0.74138
0.741483
0.741586
0.741689
0.741791
0.741894
0.741997
0.7421
0.742203
0.742306
0.742408
0.742511
0.742614
0.742716
0.742819
0.742922
0.743024
0.743127
0.743229
0.743332
0.743434
0.743537
0.743639
0.743742
0.743844
0.743947
0.744049
0.744151
0.744254
0.744356
0.744458
0.744561
0.744663
0.744765
0.744867
0.74497
0.745072
0.745174
0.745276
0.745378
0.74548
0.745582
0.745684
0.745786
0.745888
0.74599
0.746092
0.746194
0.746296
0.746398
0.7465
0.746601
0.746703
0.746805
0.746907
0.747008
0.74711
0.747212
0.747314
0.747415
0.747517
0.747618
0.74772
0.747821
0.747923
0.748025
0.748126
0.748227
0.748329
0.74843
0.748532
0.748633
0.748734
0.748836
0.748937
0.749038
0.74914
0.749241
0.749342
0.749443
0.749544
0.749646
0.749747
0.749848
0.749949
0.75005
0.750151
0.750252
0.750353
0.750454
0.750555
0.750656
0.750757
0.750857
0.750958
0.751059
0.75116
0.751261
0.751361
0.751462
0.751563
0.751664
0.751764
0.751865
0.751966
0.752066
0.752167
0.752267
0.752368
0.752468
0.752569
0.752669
0.75277
0.75287
0.75297
0.753071
0.753171
0.753272
0.753372
0.753472
0.753572
0.753673
0.753773
0.753873
0.753973
0.754073
0.754173
0.754274
0.754374
0.754474
0.754574
0.754674
0.754774
0.754874
0.754974
0.755073
0.755173
0.755273
0.755373
0.755473
0.755573
0.755673
0.755772
0.755872
0.755972
0.756071
0.756171
0.756271
0.75637
0.75647
0.756569
0.756669
0.756769
0.756868
0.756968
0.757067
0.757166
0.757266
0.757365
0.757465
0.757564
0.757663
0.757763
0.757862
0.757961
0.75806
0.75816
0.758259
0.758358
0.758457
0.758556
0.758655
0.758754
0.758853
0.758952
0.759051
0.75915
0.759249
0.759348
0.759447
0.759546
0.759645
0.759744
0.759843
0.759941
0.76004
0.760139
0.760238
0.760336
0.760435
0.760534
0.760632
0.760731
0.76083
0.760928
0.761027
0.761125
0.761224
0.761322
0.761421
0.761519
0.761617
0.761716
0.761814
0.761912
0.762011
0.762109
0.762207
0.762306
0.762404
0.762502
0.7626
0.762698
0.762797
0.762895
0.762993
0.763091
0.763189
0.763287
0.763385
0.763483
0.763581
0.763679
0.763777
0.763874
0.763972
0.76407
0.764168
0.764266
0.764363
0.764461
0.764559
0.764657
0.764754
0.764852
0.76495
0.765047
0.765145
0.765242
0.76534
0.765437
0.765535
0.765632
0.76573
0.765827
0.765925
0.766022
0.766119
0.766217
0.766314
0.766411
0.766509
0.766606
0.766703
0.7668
0.766897
0.766994
0.767092
0.767189
0.767286
0.767383
0.76748
0.767577
0.767674
0.767771
0.767868
0.767965
0.768062
0.768158
0.768255
0.768352
0.768449
0.768546
0.768642
0.768739
0.768836
0.768933
0.769029
0.769126
0.769222
0.769319
0.769416
0.769512
0.769609
0.769705
0.769802
0.769898
0.769995
0.770091
0.770187
0.770284
0.77038
0.770476
0.770573
0.770669
0.770765
0.770861
0.770958
0.771054
0.77115
0.771246
0.771342
0.771438
0.771534
0.77163
0.771726
0.771822
0.771918
0.772014
0.77211
0.772206
0.772302
0.772398
0.772494
0.772589
0.772685
0.772781
0.772877
0.772972
0.773068
0.773164
0.773259
0.773355
0.773451
0.773546
0.773642
0.773737
0.773833
0.773928
0.774024
0.774119
0.774215
0.77431
0.774405
0.774501
0.774596
0.774691
0.774787
0.774882
0.774977
0.775072
0.775168
0.775263
0.775358
0.775453
0.775548
0.775643
0.775738
0.775833
0.775928
0.776023
0.776118
0.776213
0.776308
0.776403
0.776498
0.776593
0.776687
0.776782
0.776877
0.776972
0.777066
0.777161
0.777256
0.77735
0.777445
0.77754
0.777634
0.777729
0.777823
0.777918
0.778012
0.778107
0.778201
0.778296
0.77839
0.778484
0.778579
0.778673
0.778767
0.778862
0.778956
0.77905
0.779144
0.779239
0.779333
0.779427
0.779521
0.779615
0.779709
0.779803
0.779897
0.779991
0.780085
0.780179
0.780273
0.780367
0.780461
0.780555
0.780649
0.780743
0.780836
0.78093
0.781024
0.781118
0.781211
0.781305
0.781399
0.781492
0.781586
0.781679
0.781773
0.781867
0.78196
0.782054
0.782147
0.782241
0.782334
0.782427
0.782521
0.782614
0.782707
0.782801
0.782894
0.782987
0.783081
0.783174
0.783267
0.78336
0.783453
0.783546
0.78364
0.783733
0.783826
0.783919
0.784012
0.784105
0.784198
0.784291
0.784384
0.784476
0.784569
0.784662
0.784755
0.784848
0.784941
0.785033
0.785126
0.785219
0.785311
0.785404
0.785497
0.785589
0.785682
0.785774
0.785867
0.78596
0.786052
0.786145
0.786237
0.786329
0.786422
0.786514
0.786607
0.786699
0.786791
0.786884
0.786976
0.787068
0.78716
0.787252
0.787345
0.787437
0.787529
0.787621
0.787713
0.787805
0.787897
0.787989
0.788081
0.788173
0.788265
0.788357
0.788449
0.788541
0.788633
0.788725
0.788816
0.788908
0.789
0.789092
0.789183
0.789275
0.789367
0.789458
0.78955
0.789642
0.789733
0.789825
0.789916
0.790008
0.790099
0.790191
0.790282
0.790373
0.790465
0.790556
0.790648
0.790739
0.79083
0.790921
0.791013
0.791104
0.791195
0.791286
0.791378
0.791469
0.79156
0.791651
0.791742
0.791833
0.791924
0.792015
0.792106
0.792197
0.792288
0.792379
0.79247
0.79256
0.792651
0.792742
0.792833
0.792924
0.793014
0.793105
0.793196
0.793286
0.793377
0.793468
0.793558
0.793649
0.793739
0.79383
0.793921
0.794011
0.794101
0.794192
0.794282
0.794373
0.794463
0.794553
0.794644
0.794734
0.794824
0.794915
0.795005
0.795095
0.795185
0.795275
0.795365
0.795456
0.795546
0.795636
0.795726
0.795816
0.795906
0.795996
0.796086
0.796176
0.796266
0.796355
0.796445
0.796535
0.796625
0.796715
0.796805
0.796894
0.796984
0.797074
0.797163
0.797253
0.797343
0.797432
0.797522
0.797611
0.797701
0.79779
0.79788
0.797969
0.798059
0.798148
0.798238
0.798327
0.798416
0.798506
0.798595
0.798684
0.798774
0.798863
0.798952
0.799041
0.79913
0.79922
0.799309
0.799398
0.799487
0.799576
0.799665
0.799754
0.799843
0.799932
0.800021
0.80011
0.800199
0.800287
0.800376
0.800465
0.800554
0.800643
0.800731
0.80082
0.800909
0.800998
0.801086
0.801175
0.801263
0.801352
0.801441
0.801529
0.801618
0.801706
0.801795
0.801883
0.801971
0.80206
0.802148
0.802237
0.802325
0.802413
0.802502
0.80259
0.802678
0.802766
0.802854
0.802943
0.803031
0.803119
0.803207
0.803295
0.803383
0.803471
0.803559
0.803647
0.803735
0.803823
0.803911
0.803999
0.804087
0.804175
0.804262
0.80435
0.804438
0.804526
0.804614
0.804701
0.804789
0.804877
0.804964
0.805052
0.805139
0.805227
0.805315
0.805402
0.80549
0.805577
0.805665
0.805752
0.805839
0.805927
0.806014
0.806101
0.806189
0.806276
0.806363
0.806451
0.806538
0.806625
0.806712
0.806799
0.806886
0.806974
0.807061
0.807148
0.807235
0.807322
0.807409
0.807496
0.807583
0.80767
0.807757
0.807843
0.80793
0.808017
0.808104
0.808191
0.808277
0.808364
0.808451
0.808538
0.808624
0.808711
0.808798
0.808884
0.808971
0.809057
0.809144
0.80923
0.809317
0.809403
0.80949
0.809576
0.809663
0.809749
0.809835
0.809922
0.810008
0.810094
0.81018
0.810267
0.810353
0.810439
0.810525
0.810611
0.810697
0.810784
0.81087
0.810956
0.811042
0.811128
0.811214
0.8113
0.811386
0.811472
0.811557
0.811643
0.811729
0.811815
0.811901
0.811987
0.812072
0.812158
0.812244
0.812329
0.812415
0.812501
0.812586
0.812672
0.812757
0.812843
0.812929
0.813014
0.813099
0.813185
0.81327
0.813356
0.813441
0.813527
0.813612
0.813697
0.813782
0.813868
0.813953
0.814038
0.814123
0.814209
0.814294
0.814379
0.814464
0.814549
0.814634
0.814719
0.814804
0.814889
0.814974
0.815059
0.815144
0.815229
0.815314
0.815399
0.815483
0.815568
0.815653
0.815738
0.815823
0.815907
0.815992
0.816077
0.816161
0.816246
0.816331
0.816415
0.8165
0.816584
0.816669
0.816753
0.816838
0.816922
0.817007
0.817091
0.817175
0.81726
0.817344
0.817428
0.817513
0.817597
0.817681
0.817765
0.817849
0.817934
0.818018
0.818102
0.818186
0.81827
0.818354
0.818438
0.818522
0.818606
0.81869
0.818774
0.818858
0.818942
0.819026
0.81911
0.819193
0.819277
0.819361
0.819445
0.819528
0.819612
0.819696
0.81978
0.819863
0.819947
0.82003
0.820114
0.820198
0.820281
0.820365
0.820448
0.820531
0.820615
0.820698
0.820782
0.820865
0.820948
0.821032
0.821115
0.821198
0.821282
0.821365
0.821448
0.821531
0.821614
0.821698
0.821781
0.821864
0.821947
0.82203
0.822113
0.822196
0.822279
0.822362
0.822445
0.822528
0.822611
0.822693
0.822776
0.822859
0.822942
0.823025
0.823107
0.82319
0.823273
0.823356
0.823438
0.823521
0.823603
0.823686
0.823769
0.823851
0.823934
0.824016
0.824099
0.824181
0.824264
0.824346
0.824428
0.824511
0.824593
0.824675
0.824758
0.82484
0.824922
0.825004
0.825087
0.825169
0.825251
0.825333
0.825415
0.825497
0.825579
0.825661
0.825744
0.825826
0.825907
0.825989
0.826071
0.826153
0.826235
0.826317
0.826399
0.826481
0.826563
0.826644
0.826726
0.826808
0.826889
0.826971
0.827053
0.827134
0.827216
0.827298
0.827379
0.827461
0.827542
0.827624
0.827705
0.827787
0.827868
0.82795
0.828031
0.828112
0.828194
0.828275
0.828356
0.828438
0.828519
0.8286
0.828681
0.828763
0.828844
0.828925
0.829006
0.829087
0.829168
0.829249
0.82933
0.829411
0.829492
0.829573
0.829654
0.829735
0.829816
0.829897
0.829978
0.830058
0.830139
0.83022
0.830301
0.830382
0.830462
0.830543
0.830624
0.830704
0.830785
0.830865
0.830946
0.831027
0.831107
0.831188
0.831268
0.831349
0.831429
0.831509
0.83159
0.83167
0.831751
0.831831
0.831911
0.831992
0.832072
0.832152
0.832232
0.832312
0.832393
0.832473
0.832553
0.832633
0.832713
0.832793
0.832873
0.832953
0.833033
0.833113
0.833193
0.833273
0.833353
0.833433
0.833513
0.833593
0.833672
0.833752
0.833832
0.833912
0.833991
0.834071
0.834151
0.83423
0.83431
0.83439
0.834469
0.834549
0.834628
0.834708
0.834787
0.834867
0.834946
0.835026
0.835105
0.835185
0.835264
0.835343
0.835423
0.835502
0.835581
0.83566
0.83574
0.835819
0.835898
0.835977
0.836056
0.836135
0.836215
0.836294
0.836373
0.836452
0.836531
0.83661
0.836689
0.836768
0.836846
0.836925
0.837004
0.837083
0.837162
0.837241
0.83732
0.837398
0.837477
0.837556
0.837634
0.837713
0.837792
0.83787
0.837949
0.838028
0.838106
0.838185
0.838263
0.838342
0.83842
0.838499
0.838577
0.838655
0.838734
0.838812
0.838891
0.838969
0.839047
0.839125
0.839204
0.839282
0.83936
0.839438
0.839516
0.839595
0.839673
0.839751
0.839829
0.839907
0.839985
0.840063
0.840141
0.840219
0.840297
0.840375
0.840453
0.840531
0.840608
0.840686
0.840764
0.840842
0.84092
0.840997
0.841075
0.841153
0.84123
0.841308
0.841386
0.841463
0.841541
0.841618
0.841696
0.841773
0.841851
0.841928
0.842006
0.842083
0.842161
0.842238
0.842315
0.842393
0.84247
0.842547
0.842625
0.842702
0.842779
0.842856
0.842934
0.843011
0.843088
0.843165
0.843242
0.843319
0.843396
0.843473
0.84355
0.843627
0.843704
0.843781
0.843858
0.843935
0.844012
0.844089
0.844166
0.844242
0.844319
0.844396
0.844473
0.844549
0.844626
0.844703
0.844779
0.844856
0.844933
0.845009
0.845086
0.845162
0.845239
0.845315
0.845392
0.845468
0.845545
0.845621
0.845698
0.845774
0.84585
0.845927
0.846003
0.846079
0.846155
0.846232
0.846308
0.846384
0.84646
0.846536
0.846613
0.846689
0.846765
0.846841
0.846917
0.846993
0.847069
0.847145
0.847221
0.847297
0.847373
0.847449
0.847524
0.8476
0.847676
0.847752
0.847828
0.847903
0.847979
0.848055
0.848131
0.848206
0.848282
0.848358
0.848433
0.848509
0.848584
0.84866
0.848735
0.848811
0.848886
0.848962
0.849037
0.849113
0.849188
0.849263
0.849339
0.849414
0.849489
0.849565
0.84964
0.849715
0.84979
0.849866
0.849941
0.850016
0.850091
0.850166
0.850241
0.850316
0.850391
0.850466
0.850541
0.850616
0.850691
0.850766
0.850841
0.850916
0.850991
0.851066
0.85114
0.851215
0.85129
0.851365
0.85144
0.851514
0.851589
0.851664
0.851738
0.851813
0.851887
0.851962
0.852037
0.852111
0.852186
0.85226
0.852335
0.852409
0.852484
0.852558
0.852632
0.852707
0.852781
0.852855
0.85293
0.853004
0.853078
0.853152
0.853227
0.853301
0.853375
0.853449
0.853523
0.853597
0.853672
0.853746
0.85382
0.853894
0.853968
0.854042
0.854116
0.85419
0.854263
0.854337
0.854411
0.854485
0.854559
0.854633
0.854706
0.85478
0.854854
0.854928
0.855001
0.855075
0.855149
0.855222
0.855296
0.85537
0.855443
0.855517
0.85559
0.855664
0.855737
0.855811
0.855884
0.855958
0.856031
0.856104
0.856178
0.856251
0.856324
0.856398
0.856471
0.856544
0.856617
0.856691
0.856764
0.856837
0.85691
0.856983
0.857056
0.857129
0.857202
0.857275
0.857349
0.857421
0.857494
0.857567
0.85764
0.857713
0.857786
0.857859
0.857932
0.858005
0.858077
0.85815
0.858223
0.858296
0.858368
0.858441
0.858514
0.858586
0.858659
0.858732
0.858804
0.858877
0.858949
0.859022
0.859094
0.859167
0.859239
0.859312
0.859384
0.859457
0.859529
0.859601
0.859674
0.859746
0.859818
0.859891
0.859963
0.860035
0.860107
0.860179
0.860252
0.860324
0.860396
0.860468
0.86054
0.860612
0.860684
0.860756
0.860828
0.8609
0.860972
0.861044
0.861116
0.861188
0.86126
0.861332
0.861403
0.861475
0.861547
0.861619
0.86169
0.861762
0.861834
0.861906
0.861977
0.862049
0.86212
0.862192
0.862264
0.862335
0.862407
0.862478
0.86255
0.862621
0.862693
0.862764
0.862835
0.862907
0.862978
0.86305
0.863121
0.863192
0.863263
0.863335
0.863406
0.863477
0.863548
0.86362
0.863691
0.863762
0.863833
0.863904
0.863975
0.864046
0.864117
0.864188
0.864259
0.86433
0.864401
0.864472
0.864543
0.864614
0.864685
0.864756
0.864826
0.864897
0.864968
0.865039
0.865109
0.86518
0.865251
0.865321
0.865392
0.865463
0.865533
0.865604
0.865675
0.865745
0.865816
0.865886
0.865957
0.866027
0.866097
0.866168
0.866238
0.866309
0.866379
0.866449
0.86652
0.86659
0.86666
0.866731
0.866801
0.866871
0.866941
0.867011
0.867082
0.867152
0.867222
0.867292
0.867362
0.867432
0.867502
0.867572
0.867642
0.867712
0.867782
0.867852
0.867922
0.867992
0.868061
0.868131
0.868201
0.868271
0.868341
0.868411
0.86848
0.86855
0.86862
0.868689
0.868759
0.868829
0.868898
0.868968
0.869037
0.869107
0.869177
0.869246
0.869316
0.869385
0.869454
0.869524
0.869593
0.869663
0.869732
0.869801
0.869871
0.86994
0.870009
0.870079
0.870148
0.870217
0.870286
0.870355
0.870425
0.870494
0.870563
0.870632
0.870701
0.87077
0.870839
0.870908
0.870977
0.871046
0.871115
0.871184
0.871253
0.871322
0.871391
0.87146
0.871528
0.871597
0.871666
0.871735
0.871804
0.871872
0.871941
0.87201
0.872078
0.872147
0.872216
0.872284
0.872353
0.872421
0.87249
0.872559
0.872627
0.872696
0.872764
0.872832
0.872901
0.872969
0.873038
0.873106
0.873174
0.873243
0.873311
0.873379
0.873448
0.873516
0.873584
0.873652
0.87372
0.873789
0.873857
0.873925
0.873993
0.874061
0.874129
0.874197
0.874265
0.874333
0.874401
0.874469
0.874537
0.874605
0.874673
0.874741
0.874809
0.874877
0.874944
0.875012
0.87508
0.875148
0.875215
0.875283
0.875351
0.875419
0.875486
0.875554
0.875622
0.875689
0.875757
0.875824
0.875892
0.875959
0.876027
0.876094
0.876162
0.876229
0.876297
0.876364
0.876431
0.876499
0.876566
0.876633
0.876701
0.876768
0.876835
0.876903
0.87697
0.877037
0.877104
0.877171
0.877238
0.877306
0.877373
0.87744
0.877507
0.877574
0.877641
0.877708
0.877775
0.877842
0.877909
0.877976
0.878043
0.878109
0.878176
0.878243
0.87831
0.878377
0.878444
0.87851
0.878577
0.878644
0.87871
0.878777
0.878844
0.87891
0.878977
0.879044
0.87911
0.879177
0.879243
0.87931
0.879376
0.879443
0.879509
0.879576
0.879642
0.879709
0.879775
0.879841
0.879908
0.879974
0.88004
0.880107
0.880173
0.880239
0.880305
0.880372
0.880438
0.880504
0.88057
0.880636
0.880702
0.880768
0.880835
0.880901
0.880967
0.881033
0.881099
0.881165
0.881231
0.881296
0.881362
0.881428
0.881494
0.88156
0.881626
0.881692
0.881757
0.881823
0.881889
0.881955
0.88202
0.882086
0.882152
0.882218
0.882283
0.882349
0.882414
0.88248
0.882546
0.882611
0.882677
0.882742
0.882808
0.882873
0.882938
0.883004
0.883069
0.883135
0.8832
0.883265
0.883331
0.883396
0.883461
0.883527
0.883592
0.883657
0.883722
0.883787
0.883853
0.883918
0.883983
0.884048
0.884113
0.884178
0.884243
0.884308
0.884373
0.884438
0.884503
0.884568
0.884633
0.884698
0.884763
0.884828
0.884893
0.884958
0.885022
0.885087
0.885152
0.885217
0.885282
0.885346
0.885411
0.885476
0.88554
0.885605
0.88567
0.885734
0.885799
0.885863
0.885928
0.885993
0.886057
0.886122
0.886186
0.88625
0.886315
0.886379
0.886444
0.886508
0.886572
0.886637
0.886701
0.886765
0.88683
0.886894
0.886958
0.887022
0.887087
0.887151
0.887215
0.887279
0.887343
0.887407
0.887472
0.887536
0.8876
0.887664
0.887728
0.887792
0.887856
0.88792
0.887984
0.888048
0.888111
0.888175
0.888239
0.888303
0.888367
0.888431
0.888494
0.888558
0.888622
0.888686
0.888749
0.888813
0.888877
0.88894
0.889004
0.889068
0.889131
0.889195
0.889258
0.889322
0.889386
0.889449
0.889513
0.889576
0.889639
0.889703
0.889766
0.88983
0.889893
0.889956
0.89002
0.890083
0.890146
0.89021
0.890273
0.890336
0.890399
0.890463
0.890526
0.890589
0.890652
0.890715
0.890778
0.890841
0.890905
0.890968
0.891031
0.891094
0.891157
0.89122
0.891283
0.891345
0.891408
0.891471
0.891534
0.891597
0.89166
0.891723
0.891786
0.891848
0.891911
0.891974
0.892037
0.892099
0.892162
0.892225
0.892287
0.89235
0.892413
0.892475
0.892538
0.8926
0.892663
0.892726
0.892788
0.892851
0.892913
0.892975
0.893038
0.8931
0.893163
0.893225
0.893287
0.89335
0.893412
0.893474
0.893537
0.893599
0.893661
0.893724
0.893786
0.893848
0.89391
0.893972
0.894034
0.894097
0.894159
0.894221
0.894283
0.894345
0.894407
0.894469
0.894531
0.894593
0.894655
0.894717
0.894779
0.894841
0.894903
0.894964
0.895026
0.895088
0.89515
0.895212
0.895273
0.895335
0.895397
0.895459
0.89552
0.895582
0.895644
0.895705
0.895767
0.895829
0.89589
0.895952
0.896013
0.896075
0.896136
0.896198
0.896259
0.896321
0.896382
0.896444
0.896505
0.896567
0.896628
0.896689
0.896751
0.896812
0.896873
0.896935
0.896996
0.897057
0.897118
0.897179
0.897241
0.897302
0.897363
0.897424
0.897485
0.897546
0.897607
0.897669
0.89773
0.897791
0.897852
0.897913
0.897974
0.898035
0.898095
0.898156
0.898217
0.898278
0.898339
0.8984
0.898461
0.898522
0.898582
0.898643
0.898704
0.898765
0.898825
0.898886
0.898947
0.899007
0.899068
0.899129
0.899189
0.89925
0.899311
0.899371
0.899432
0.899492
0.899553
0.899613
0.899674
0.899734
0.899795
0.899855
0.899915
0.899976
0.900036
0.900096
0.900157
0.900217
0.900277
0.900338
0.900398
0.900458
0.900518
0.900579
0.900639
0.900699
0.900759
0.900819
0.900879
0.900939
0.901
0.90106
0.90112
0.90118
0.90124
0.9013
0.90136
0.90142
0.90148
0.90154
0.901599
0.901659
0.901719
0.901779
0.901839
0.901899
0.901959
0.902018
0.902078
0.902138
0.902198
0.902257
0.902317
0.902377
0.902436
0.902496
0.902556
0.902615
0.902675
0.902734
0.902794
0.902853
0.902913
0.902972
0.903032
0.903091
0.903151
0.90321
0.90327
0.903329
0.903388
0.903448
0.903507
0.903567
0.903626
0.903685
0.903744
0.903804
0.903863
0.903922
0.903981
0.904041
0.9041
0.904159
0.904218
0.904277
0.904336
0.904395
0.904454
0.904513
0.904572
0.904631
0.90469
0.904749
0.904808
0.904867
0.904926
0.904985
0.905044
0.905103
0.905162
0.905221
0.905279
0.905338
0.905397
0.905456
0.905515
0.905573
0.905632
0.905691
0.905749
0.905808
0.905867
0.905925
0.905984
0.906043
0.906101
0.90616
0.906218
0.906277
0.906335
0.906394
0.906452
0.906511
0.906569
0.906628
0.906686
0.906745
0.906803
0.906861
0.90692
0.906978
0.907036
0.907095
0.907153
0.907211
0.907269
0.907328
0.907386
0.907444
0.907502
0.90756
0.907618
0.907677
0.907735
0.907793
0.907851
0.907909
0.907967
0.908025
0.908083
0.908141
0.908199
0.908257
0.908315
0.908373
0.908431
0.908489
0.908546
0.908604
0.908662
0.90872
0.908778
0.908836
0.908893
0.908951
0.909009
0.909067
0.909124
0.909182
0.90924
0.909297
0.909355
0.909413
0.90947
0.909528
0.909585
0.909643
0.9097
0.909758
0.909815
0.909873
0.90993
0.909988
0.910045
0.910103
0.91016
0.910217
0.910275
0.910332
0.91039
0.910447
0.910504
0.910561
0.910619
0.910676
0.910733
0.91079
0.910848
0.910905
0.910962
0.911019
0.911076
0.911133
0.91119
0.911248
0.911305
0.911362
0.911419
0.911476
0.911533
0.91159
0.911647
0.911704
0.911761
0.911818
0.911874
0.911931
0.911988
0.912045
0.912102
0.912159
0.912216
0.912272
0.912329
0.912386
0.912443
0.912499
0.912556
0.912613
0.912669
0.912726
0.912783
0.912839
0.912896
0.912953
0.913009
0.913066
0.913122
0.913179
0.913235
0.913292
0.913348
0.913405
0.913461
0.913518
0.913574
0.91363
0.913687
0.913743
0.9138
0.913856
0.913912
0.913969
0.914025
0.914081
0.914137
0.914194
0.91425
0.914306
0.914362
0.914418
0.914475
0.914531
0.914587
0.914643
0.914699
0.914755
0.914811
0.914867
0.914923
0.914979
0.915035
0.915091
0.915147
0.915203
0.915259
0.915315
0.915371
0.915427
0.915483
0.915538
0.915594
0.91565
0.915706
0.915762
0.915817
0.915873
0.915929
0.915985
0.91604
0.916096
0.916152
0.916207
0.916263
0.916319
0.916374
0.91643
0.916486
0.916541
0.916597
0.916652
0.916708
0.916763
0.916819
0.916874
0.91693
0.916985
0.91704
0.917096
0.917151
0.917207
0.917262
0.917317
0.917373
0.917428
0.917483
0.917539
0.917594
0.917649
0.917704
0.91776
0.917815
0.91787
0.917925
0.91798
0.918035
0.918091
0.918146
0.918201
0.918256
0.918311
0.918366
0.918421
0.918476
0.918531
0.918586
0.918641
0.918696
0.918751
0.918806
0.918861
0.918916
0.91897
0.919025
0.91908
0.919135
0.91919
0.919245
0.919299
0.919354
0.919409
0.919464
0.919518
0.919573
0.919628
0.919682
0.919737
0.919792
0.919846
0.919901
0.919956
0.92001
0.920065
0.920119
0.920174
0.920228
0.920283
0.920337
0.920392
0.920446
0.920501
0.920555
0.920609
0.920664
0.920718
0.920773
0.920827
0.920881
0.920936
0.92099
0.921044
0.921098
0.921153
0.921207
0.921261
0.921315
0.92137
0.921424
0.921478
0.921532
0.921586
0.92164
0.921695
0.921749
0.921803
0.921857
0.921911
0.921965
0.922019
0.922073
0.922127
0.922181
0.922235
0.922289
0.922343
0.922397
0.92245
0.922504
0.922558
0.922612
0.922666
0.92272
0.922773
0.922827
0.922881
0.922935
0.922989
0.923042
0.923096
0.92315
0.923203
0.923257
0.923311
0.923364
0.923418
0.923472
0.923525
0.923579
0.923632
0.923686
0.923739
0.923793
0.923846
0.9239
0.923953
0.924007
0.92406
0.924114
0.924167
0.924221
0.924274
0.924327
0.924381
0.924434
0.924487
0.924541
0.924594
0.924647
0.924701
0.924754
0.924807
0.92486
0.924913
0.924967
0.92502
0.925073
0.925126
0.925179
0.925232
0.925285
0.925339
0.925392
0.925445
0.925498
0.925551
0.925604
0.925657
0.92571
0.925763
0.925816
0.925869
0.925922
0.925975
0.926027
0.92608
0.926133
0.926186
0.926239
0.926292
0.926345
0.926397
0.92645
0.926503
0.926556
0.926608
0.926661
0.926714
0.926767
0.926819
0.926872
0.926925
0.926977
0.92703
0.927082
0.927135
0.927188
0.92724
0.927293
0.927345
0.927398
0.92745
0.927503
0.927555
0.927608
0.92766
0.927713
0.927765
0.927817
0.92787
0.927922
0.927975
0.928027
0.928079
0.928132
0.928184
0.928236
0.928289
0.928341
0.928393
0.928445
0.928498
0.92855
0.928602
0.928654
0.928706
0.928758
0.928811
0.928863
0.928915
0.928967
0.929019
0.929071
0.929123
0.929175
0.929227
0.929279
0.929331
0.929383
0.929435
0.929487
0.929539
0.929591
0.929643
0.929695
0.929747
0.929799
0.92985
0.929902
0.929954
0.930006
0.930058
0.930109
0.930161
0.930213
0.930265
0.930316
0.930368
0.93042
0.930472
0.930523
0.930575
0.930627
0.930678
0.93073
0.930781
0.930833
0.930885
0.930936
0.930988
0.931039
0.931091
0.931142
0.931194
0.931245
0.931297
0.931348
0.9314
0.931451
0.931502
0.931554
0.931605
0.931657
0.931708
0.931759
0.931811
0.931862
0.931913
0.931964
0.932016
0.932067
0.932118
0.932169
0.932221
0.932272
0.932323
0.932374
0.932425
0.932477
0.932528
0.932579
0.93263
0.932681
0.932732
0.932783
0.932834
0.932885
0.932936
0.932987
0.933038
0.933089
0.93314
0.933191
0.933242
0.933293
0.933344
0.933395
0.933446
0.933497
0.933548
0.933598
0.933649
0.9337
0.933751
0.933802
0.933852
0.933903
0.933954
0.934005
0.934055
0.934106
0.934157
0.934208
0.934258
0.934309
0.93436
0.93441
0.934461
0.934511
0.934562
0.934613
0.934663
0.934714
0.934764
0.934815
0.934865
0.934916
0.934966
0.935017
0.935067
0.935118
0.935168
0.935219
0.935269
0.935319
0.93537
0.93542
0.93547
0.935521
0.935571
0.935621
0.935672
0.935722
0.935772
0.935823
0.935873
0.935923
0.935973
0.936023
0.936074
0.936124
0.936174
0.936224
0.936274
0.936324
0.936375
0.936425
0.936475
0.936525
0.936575
0.936625
0.936675
0.936725
0.936775
0.936825
0.936875
0.936925
0.936975
0.937025
0.937075
0.937125
0.937175
0.937225
0.937274
0.937324
0.937374
0.937424
0.937474
0.937524
0.937574
0.937623
0.937673
0.937723
0.937773
0.937822
0.937872
0.937922
0.937971
0.938021
0.938071
0.938121
0.93817
0.93822
0.938269
0.938319
0.938369
0.938418
0.938468
0.938517
0.938567
0.938616
0.938666
0.938716
0.938765
0.938814
0.938864
0.938913
0.938963
0.939012
0.939062
0.939111
0.939161
0.93921
0.939259
0.939309
0.939358
0.939407
0.939457
0.939506
0.939555
0.939605
0.939654
0.939703
0.939752
0.939802
0.939851
0.9399
0.939949
0.939998
0.940048
0.940097
0.940146
0.940195
0.940244
0.940293
0.940342
0.940391
0.94044
0.940489
0.940539
0.940588
0.940637
0.940686
0.940735
0.940784
0.940833
0.940881
0.94093
0.940979
0.941028
0.941077
0.941126
0.941175
0.941224
0.941273
0.941322
0.94137
0.941419
0.941468
0.941517
0.941566
0.941614
0.941663
0.941712
0.941761
0.941809
0.941858
0.941907
0.941955
0.942004
0.942053
0.942101
0.94215
0.942199
0.942247
0.942296
0.942344
0.942393
0.942442
0.94249
0.942539
0.942587
0.942636
0.942684
0.942733
0.942781
0.94283
0.942878
0.942927
0.942975
0.943023
0.943072
0.94312
0.943169
0.943217
0.943265
0.943314
0.943362
0.94341
0.943459
0.943507
0.943555
0.943603
0.943652
0.9437
0.943748
0.943796
0.943845
0.943893
0.943941
0.943989
0.944037
0.944086
0.944134
0.944182
0.94423
0.944278
0.944326
0.944374
0.944422
0.94447
0.944518
0.944566
0.944614
0.944662
0.94471
0.944758
0.944806
0.944854
0.944902
0.94495
0.944998
0.945046
0.945094
0.945142
0.94519
0.945238
0.945286
0.945333
0.945381
0.945429
0.945477
0.945525
0.945572
0.94562
0.945668
0.945716
0.945763
0.945811
0.945859
0.945907
0.945954
0.946002
0.94605
0.946097
0.946145
0.946193
0.94624
0.946288
0.946335
0.946383
0.946431
0.946478
0.946526
0.946573
0.946621
0.946668
0.946716
0.946763
0.946811
0.946858
0.946906
0.946953
0.947001
0.947048
0.947095
0.947143
0.94719
0.947238
0.947285
0.947332
0.94738
0.947427
0.947474
0.947522
0.947569
0.947616
0.947664
0.947711
0.947758
0.947805
0.947853
0.9479
0.947947
0.947994
0.948041
0.948089
0.948136
0.948183
0.94823
0.948277
0.948324
0.948371
0.948419
0.948466
0.948513
0.94856
0.948607
0.948654
0.948701
0.948748
0.948795
0.948842
0.948889
0.948936
0.948983
0.94903
0.949077
0.949124
0.949171
0.949217
0.949264
0.949311
0.949358
0.949405
0.949452
0.949499
0.949546
0.949592
0.949639
0.949686
0.949733
0.94978
0.949826
0.949873
0.94992
0.949967
0.950013
0.95006
0.950107
0.950153
0.9502
0.950247
0.950293
0.95034
0.950387
0.950433
0.95048
0.950526
0.950573
0.95062
0.950666
0.950713
0.950759
0.950806
0.950852
0.950899
0.950945
0.950992
0.951038
0.951085
0.951131
0.951178
0.951224
0.951271
0.951317
0.951363
0.95141
0.951456
0.951503
0.951549
0.951595
0.951642
0.951688
0.951734
0.951781
0.951827
0.951873
0.951919
0.951966
0.952012
0.952058
0.952104
0.952151
0.952197
0.952243
0.952289
0.952335
0.952382
0.952428
0.952474
0.95252
0.952566
0.952612
0.952658
0.952704
0.95275
0.952797
0.952843
0.952889
0.952935
0.952981
0.953027
0.953073
0.953119
0.953165
0.953211
0.953257
0.953303
0.953349
0.953395
0.95344
0.953486
0.953532
0.953578
0.953624
0.95367
0.953716
0.953762
0.953808
0.953853
0.953899
0.953945
0.953991
0.954037
0.954082
0.954128
0.954174
0.95422
0.954265
0.954311
0.954357
0.954403
0.954448
0.954494
0.95454
0.954585
0.954631
0.954677
0.954722
0.954768
0.954813
0.954859
0.954905
0.95495
0.954996
0.955041
0.955087
0.955132
0.955178
0.955223
0.955269
0.955315
0.95536
0.955405
0.955451
0.955496
0.955542
0.955587
0.955633
0.955678
0.955724
0.955769
0.955814
0.95586
0.955905
0.95595
0.955996
0.956041
0.956086
0.956132
0.956177
0.956222
0.956268
0.956313
0.956358
0.956404
0.956449
0.956494
0.956539
0.956584
0.95663
0.956675
0.95672
0.956765
0.95681
0.956856
0.956901
0.956946
0.956991
0.957036
0.957081
0.957126
0.957171
0.957217
0.957262
0.957307
0.957352
0.957397
0.957442
0.957487
0.957532
0.957577
0.957622
0.957667
0.957712
0.957757
0.957802
0.957847
0.957892
0.957936
0.957981
0.958026
0.958071
0.958116
0.958161
0.958206
0.958251
0.958296
0.95834
0.958385
0.95843
0.958475
0.95852
0.958564
0.958609
0.958654
0.958699
0.958743
0.958788
0.958833
0.958878
0.958922
0.958967
0.959012
0.959056
0.959101
0.959146
0.95919
0.959235
0.95928
0.959324
0.959369
0.959414
0.959458
0.959503
0.959547
0.959592
0.959636
0.959681
0.959726
0.95977
0.959815
0.959859
0.959904
0.959948
0.959993
0.960037
0.960082
0.960126
0.96017
0.960215
0.960259
0.960304
0.960348
0.960393
0.960437
0.960481
0.960526
0.96057
0.960614
0.960659
0.960703
0.960747
0.960792
0.960836
0.96088
0.960925
0.960969
0.961013
0.961057
0.961102
0.961146
0.96119
0.961234
0.961279
0.961323
0.961367
0.961411
0.961455
0.9615
0.961544
0.961588
0.961632
0.961676
0.96172
0.961764
0.961808
0.961853
0.961897
0.961941
0.961985
0.962029
0.962073
0.962117
0.962161
0.962205
0.962249
0.962293
0.962337
0.962381
0.962425
0.962469
0.962513
0.962557
0.962601
0.962645
0.962689
0.962732
0.962776
0.96282
0.962864
0.962908
0.962952
0.962996
0.96304
0.963083
0.963127
0.963171
0.963215
0.963259
0.963303
0.963346
0.96339
0.963434
0.963478
0.963521
0.963565
0.963609
0.963653
0.963696
0.96374
0.963784
0.963827
0.963871
0.963915
0.963958
0.964002
0.964046
0.964089
0.964133
0.964177
0.96422
0.964264
0.964307
0.964351
0.964395
0.964438
0.964482
0.964525
0.964569
0.964612
0.964656
0.964699
0.964743
0.964786
0.96483
0.964873
0.964917
0.96496
0.965004
0.965047
0.965091
0.965134
0.965177
0.965221
0.965264
0.965308
0.965351
0.965394
0.965438
0.965481
0.965525
0.965568
0.965611
0.965655
0.965698
0.965741
0.965784
0.965828
0.965871
0.965914
0.965958
0.966001
0.966044
0.966087
0.966131
0.966174
0.966217
0.96626
0.966303
0.966347
0.96639
0.966433
0.966476
0.966519
0.966562
0.966606
0.966649
0.966692
0.966735
0.966778
0.966821
0.966864
0.966907
0.96695
0.966993
0.967037
0.96708
0.967123
0.967166
0.967209
0.967252
0.967295
0.967338
0.967381
0.967424
0.967467
0.96751
0.967553
0.967595
0.967638
0.967681
0.967724
0.967767
0.96781
0.967853
0.967896
0.967939
0.967982
0.968025
0.968067
0.96811
0.968153
0.968196
0.968239
0.968282
0.968324
0.968367
0.96841
0.968453
0.968496
0.968538
0.968581
0.968624
0.968667
0.968709
0.968752
0.968795
0.968837
0.96888
0.968923
0.968966
0.969008
0.969051
0.969094
0.969136
0.969179
0.969222
0.969264
0.969307
0.969349
0.969392
0.969435
0.969477
0.96952
0.969562
0.969605
0.969648
0.96969
0.969733
0.969775
0.969818
0.96986
0.969903
0.969945
0.969988
0.97003
0.970073
0.970115
0.970158
0.9702
0.970243
0.970285
0.970327
0.97037
0.970412
0.970455
0.970497
0.97054
0.970582
0.970624
0.970667
0.970709
0.970751
0.970794
0.970836
0.970878
0.970921
0.970963
0.971005
0.971048
0.97109
0.971132
0.971175
0.971217
0.971259
0.971301
0.971344
0.971386
0.971428
0.97147
0.971513
0.971555
0.971597
0.971639
0.971681
0.971724
0.971766
0.971808
0.97185
0.971892
0.971934
0.971976
0.972019
0.972061
0.972103
0.972145
0.972187
0.972229
0.972271
0.972313
0.972355
0.972397
0.972439
0.972482
0.972524
0.972566
0.972608
0.97265
0.972692
0.972734
0.972776
0.972818
0.97286
0.972902
0.972944
0.972985
0.973027
0.973069
0.973111
0.973153
0.973195
0.973237
0.973279
0.973321
0.973363
0.973405
0.973447
0.973488
0.97353
0.973572
0.973614
0.973656
0.973698
0.973739
0.973781
0.973823
0.973865
0.973907
0.973949
0.97399
0.974032
0.974074
0.974116
0.974157
0.974199
0.974241
0.974283
0.974324
0.974366
0.974408
0.974449
0.974491
0.974533
0.974574
0.974616
0.974658
0.974699
0.974741
0.974783
0.974824
0.974866
0.974908
0.974949
0.974991
0.975033
0.975074
0.975116
0.975157
0.975199
0.97524
0.975282
0.975324
0.975365
0.975407
0.975448
0.97549
0.975531
0.975573
0.975614
0.975656
0.975697
0.975739
0.97578
0.975822
0.975863
0.975905
0.975946
0.975987
0.976029
0.97607
0.976112
0.976153
0.976195
0.976236
0.976277
0.976319
0.97636
0.976402
0.976443
0.976484
0.976526
0.976567
0.976608
0.97665
0.976691
0.976732
0.976774
0.976815
0.976856
0.976897
0.976939
0.97698
0.977021
0.977063
0.977104
0.977145
0.977186
0.977228
0.977269
0.97731
0.977351
0.977392
0.977434
0.977475
0.977516
0.977557
0.977598
0.97764
0.977681
0.977722
0.977763
0.977804
0.977845
0.977886
0.977928
0.977969
0.97801
0.978051
0.978092
0.978133
0.978174
0.978215
0.978256
0.978297
0.978338
0.978379
0.978421
0.978462
0.978503
0.978544
0.978585
0.978626
0.978667
0.978708
0.978749
0.97879
0.978831
0.978872
0.978913
0.978954
0.978994
0.979035
0.979076
0.979117
0.979158
0.979199
0.97924
0.979281
0.979322
0.979363
0.979404
0.979445
0.979485
0.979526
0.979567
0.979608
0.979649
0.97969
0.979731
0.979771
0.979812
0.979853
0.979894
0.979935
0.979975
0.980016
0.980057
0.980098
0.980139
0.980179
0.98022
0.980261
0.980302
0.980342
0.980383
0.980424
0.980464
0.980505
0.980546
0.980587
0.980627
0.980668
0.980709
0.980749
0.98079
0.980831
0.980871
0.980912
0.980953
0.980993
0.981034
0.981075
0.981115
0.981156
0.981196
0.981237
0.981278
0.981318
0.981359
0.981399
0.98144
0.981481
0.981521
0.981562
0.981602
0.981643
0.981683
0.981724
0.981764
0.981805
0.981845
0.981886
0.981926
0.981967
0.982007
0.982048
0.982088
0.982129
0.982169
0.98221
0.98225
0.982291
0.982331
0.982371
0.982412
0.982452
0.982493
0.982533
0.982574
0.982614
0.982654
0.982695
0.982735
0.982775
0.982816
0.982856
0.982897
0.982937
0.982977
0.983018
0.983058
0.983098
0.983139
0.983179
0.983219
0.98326
0.9833
0.98334
0.98338
0.983421
0.983461
0.983501
0.983541
0.983582
0.983622
0.983662
0.983702
0.983743
0.983783
0.983823
0.983863
0.983904
0.983944
0.983984
0.984024
0.984064
0.984105
0.984145
0.984185
0.984225
0.984265
0.984305
0.984346
0.984386
0.984426
0.984466
0.984506
0.984546
0.984586
0.984626
0.984666
0.984707
0.984747
0.984787
0.984827
0.984867
0.984907
0.984947
0.984987
0.985027
0.985067
0.985107
0.985147
0.985187
0.985227
0.985267
0.985307
0.985347
0.985387
0.985427
0.985467
0.985507
0.985547
0.985587
0.985627
0.985667
0.985707
0.985747
0.985787
0.985827
0.985867
0.985907
0.985947
0.985987
0.986027
0.986066
0.986106
0.986146
0.986186
0.986226
0.986266
0.986306
0.986346
0.986386
0.986425
0.986465
0.986505
0.986545
0.986585
0.986625
0.986664
0.986704
0.986744
0.986784
0.986824
0.986863
0.986903
0.986943
0.986983
0.987023
0.987062
0.987102
0.987142
0.987182
0.987221
0.987261
0.987301
0.987341
0.98738
0.98742
0.98746
0.987499
0.987539
0.987579
0.987619
0.987658
0.987698
0.987738
0.987777
0.987817
0.987857
0.987896
0.987936
0.987976
0.988015
0.988055
0.988095
0.988134
0.988174
0.988213
0.988253
0.988293
0.988332
0.988372
0.988411
0.988451
0.988491
0.98853
0.98857
0.988609
0.988649
0.988688
0.988728
0.988767
0.988807
0.988847
0.988886
0.988926
0.988965
0.989005
0.989044
0.989084
0.989123
0.989163
0.989202
0.989242
0.989281
0.989321
0.98936
0.989399
0.989439
0.989478
0.989518
0.989557
0.989597
0.989636
0.989676
0.989715
0.989754
0.989794
0.989833
0.989873
0.989912
0.989951
0.989991
0.99003
0.99007
0.990109
0.990148
0.990188
0.990227
0.990266
0.990306
0.990345
0.990384
0.990424
0.990463
0.990502
0.990542
0.990581
0.99062
0.99066
0.990699
0.990738
0.990778
0.990817
0.990856
0.990895
0.990935
0.990974
0.991013
0.991052
0.991092
0.991131
0.99117
0.991209
0.991249
0.991288
0.991327
0.991366
0.991405
0.991445
0.991484
0.991523
0.991562
0.991601
0.991641
0.99168
0.991719
0.991758
0.991797
0.991836
0.991876
0.991915
0.991954
0.991993
0.992032
0.992071
0.99211
0.99215
0.992189
0.992228
0.992267
0.992306
0.992345
0.992384
0.992423
0.992462
0.992501
0.992541
0.99258
0.992619
0.992658
0.992697
0.992736
0.992775
0.992814
0.992853
0.992892
0.992931
0.99297
0.993009
0.993048
0.993087
0.993126
0.993165
0.993204
0.993243
0.993282
0.993321
0.99336
0.993399
0.993438
0.993477
0.993516
0.993555
0.993594
0.993633
0.993672
0.993711
0.99375
0.993788
0.993827
0.993866
0.993905
0.993944
0.993983
0.994022
0.994061
0.9941
0.994139
0.994177
0.994216
0.994255
0.994294
0.994333
0.994372
0.994411
0.99445
0.994488
0.994527
0.994566
0.994605
0.994644
0.994683
0.994721
0.99476
0.994799
0.994838
0.994877
0.994915
0.994954
0.994993
0.995032
0.995071
0.995109
0.995148
0.995187
0.995226
0.995264
0.995303
0.995342
0.995381
0.995419
0.995458
0.995497
0.995536
0.995574
0.995613
0.995652
0.99569
0.995729
0.995768
0.995807
0.995845
0.995884
0.995923
0.995961
0.996
0.996039
0.996077
0.996116
0.996155
0.996193
0.996232
0.996271
0.996309
0.996348
0.996387
0.996425
0.996464
0.996502
0.996541
0.99658
0.996618
0.996657
0.996695
0.996734
0.996773
0.996811
0.99685
0.996888
0.996927
0.996966
0.997004
0.997043
0.997081
0.99712
0.997158
0.997197
0.997235
0.997274
0.997313
0.997351
0.99739
0.997428
0.997467
0.997505
0.997544
0.997582
0.997621
0.997659
0.997698
0.997736
0.997775
0.997813
0.997852
0.99789
0.997929
0.997967
0.998005
0.998044
0.998082
0.998121
0.998159
0.998198
0.998236
0.998275
0.998313
0.998351
0.99839
0.998428
0.998467
0.998505
0.998543
0.998582
0.99862
0.998659
0.998697
0.998735
0.998774
0.998812
0.998851
0.998889
0.998927
0.998966
0.999004
0.999042
0.999081
0.999119
0.999157
0.999196
0.999234
0.999272
0.999311
0.999349
0.999387
0.999426
0.999464
0.999502
0.999541
0.999579
0.999617
0.999656
0.999694
0.999732
0.99977
0.999809
0.999847
0.999885
0.999923
0.999962
