ni
51

nj
26

x_vals
4.13519 3.61429 3.16133 2.76745 2.42495 2.12712 1.86814 1.64294 1.44712 1.27683 1.12876 1 0.888036 0.777479 0.669721 0.566116 0.467968 0.37651 0.292893 0.218169 0.153276 0.0990311 0.0561167 0.0250721 0.00628779 0 0.00628779 0.0250721 0.0561167 0.0990311 0.153276 0.218169 0.292893 0.37651 0.467968 0.566116 0.669721 0.777479 0.888036 1 1.12876 1.27683 1.44712 1.64294 1.86814 2.12712 2.42495 2.76745 3.16133 3.61429 4.13519 
4.13519 3.61652 3.16453 2.77095 2.42834 2.13017 1.87069 1.64489 1.44842 1.27745 1.12866 0.999176 0.886375 0.775096 0.66674 0.562668 0.464199 0.372603 0.289178 0.214606 0.149843 0.0957585 0.0530961 0.0224992 0.00483887 -0.0012569 0.00483887 0.0224992 0.0530961 0.0957585 0.149843 0.214606 0.289178 0.372603 0.464199 0.562668 0.66674 0.775096 0.886375 0.999176 1.12866 1.27745 1.44842 1.64489 1.87069 2.13017 2.42834 2.77095 3.16453 3.61652 4.13519 
4.13519 3.61907 3.1682 2.77497 2.43225 2.13367 1.87362 1.64714 1.44991 1.27815 1.12853 0.998191 0.884409 0.7723 0.663261 0.55866 0.459838 0.36811 0.284916 0.210517 0.145905 0.0920119 0.0496594 0.0196232 0.00306249 -0.0028258 0.00306249 0.0196232 0.0496594 0.0920119 0.145905 0.210517 0.284916 0.36811 0.459838 0.55866 0.663261 0.7723 0.884409 0.998191 1.12853 1.27815 1.44991 1.64714 1.87362 2.13367 2.43225 2.77497 3.1682 3.61907 4.13519 
4.13519 3.62197 3.17239 2.77956 2.43672 2.1377 1.87699 1.64972 1.45163 1.27895 1.12836 0.997002 0.882073 0.769011 0.659194 0.553998 0.454788 0.362937 0.280018 0.205813 0.141376 0.0877137 0.0457402 0.0163754 0.00087061 -0.00479469 0.00087061 0.0163754 0.0457402 0.0877137 0.141376 0.205813 0.280018 0.362937 0.454788 0.553998 0.659194 0.769011 0.882073 0.997002 1.12836 1.27895 1.45163 1.64972 1.87699 2.1377 2.43672 2.77956 3.17239 3.62197 4.13519 
4.13519 3.62526 3.17716 2.78482 2.44185 2.14232 1.88085 1.65268 1.45358 1.27983 1.12811 0.995552 0.87929 0.765133 0.65443 0.548565 0.448933 0.356974 0.274374 0.200388 0.136153 0.0827683 0.0412529 0.0126614 -0.00185098 -0.00727882 -0.00185098 0.0126614 0.0412529 0.0827683 0.136153 0.200388 0.274374 0.356974 0.448933 0.548565 0.65443 0.765133 0.87929 0.995552 1.12811 1.27983 1.45358 1.65268 1.88085 2.14232 2.44185 2.78482 3.17716 3.62526 4.13519 
4.13519 3.62896 3.18258 2.79081 2.44771 2.14759 1.88526 1.65604 1.45578 1.28078 1.12774 0.993765 0.875962 0.760549 0.648838 0.542222 0.442135 0.350086 0.267849 0.194109 0.130109 0.0770556 0.036084 0.00835081 -0.00525093 -0.0104296 -0.00525093 0.00835081 0.036084 0.0770556 0.130109 0.194109 0.267849 0.350086 0.442135 0.542222 0.648838 0.760549 0.875962 0.993765 1.12774 1.28078 1.45578 1.65604 1.88526 2.14759 2.44771 2.79081 3.18258 3.62896 4.13519 
4.13519 3.63313 3.18871 2.79761 2.45437 2.15359 1.89027 1.65984 1.45822 1.28177 1.12718 0.991543 0.871966 0.755112 0.642255 0.534802 0.434225 0.342106 0.260277 0.186809 0.123082 0.0704207 0.03008 0.00326547 -0.00952346 -0.0144463 -0.00952346 0.00326547 0.03008 0.0704207 0.123082 0.186809 0.260277 0.342106 0.434225 0.534802 0.642255 0.755112 0.871966 0.991543 1.12718 1.28177 1.45822 1.65984 1.89027 2.15359 2.45437 2.79761 3.18871 3.63313 4.13519 
4.13519 3.63779 3.19562 2.80529 2.4619 2.16038 1.89591 1.66408 1.4609 1.28275 1.12633 0.988758 0.867145 0.748642 0.634485 0.526097 0.424996 0.332829 0.251444 0.178279 0.114865 0.0626602 0.0230306 -0.00283766 -0.0149236 -0.0195919 -0.0149236 -0.00283766 0.0230306 0.0626602 0.114865 0.178279 0.251444 0.332829 0.424996 0.526097 0.634485 0.748642 0.867145 0.988758 1.12633 1.28275 1.4609 1.66408 1.89591 2.16038 2.4619 2.80529 3.19562 3.63779 4.13519 
4.13519 3.64296 3.20334 2.81393 2.47039 2.16802 1.90224 1.66878 1.46376 1.28363 1.12508 0.98524 0.861301 0.74091 0.62528 0.515851 0.414189 0.321989 0.241082 0.168247 0.105188 0.0535016 0.0146459 -0.0102878 -0.0217884 -0.0262138 -0.0217884 -0.0102878 0.0146459 0.0535016 0.105188 0.168247 0.241082 0.321989 0.414189 0.515851 0.62528 0.74091 0.861301 0.98524 1.12508 1.28363 1.46376 1.66878 1.90224 2.16802 2.47039 2.81393 3.20334 3.64296 4.13519 
4.13519 3.64866 3.21193 2.82357 2.47987 2.17653 1.90924 1.6739 1.46675 1.28428 1.12323 0.980769 0.854174 0.731627 0.614329 0.50374 0.401472 0.309249 0.228839 0.156358 0.0936911 0.0425743 0.00452539 -0.019529 -0.0305654 -0.0347717 -0.0305654 -0.019529 0.00452539 0.0425743 0.0936911 0.156358 0.228839 0.309249 0.401472 0.50374 0.614329 0.731627 0.854174 0.980769 1.12323 1.28428 1.46675 1.6739 1.90924 2.17653 2.47987 2.82357 3.21193 3.64866 4.13519 
4.13519 3.65488 3.2214 2.83425 2.49038 2.18593 1.91689 1.67937 1.46971 1.28452 1.12055 0.975051 0.845432 0.720426 0.601237 0.489351 0.386417 0.294163 0.214254 0.14214 0.0798896 0.02937 -0.0078824 -0.0311584 -0.0418533 -0.0458759 -0.0418533 -0.0311584 -0.0078824 0.02937 0.0798896 0.14214 0.214254 0.294163 0.386417 0.489351 0.601237 0.720426 0.845432 0.975051 1.12055 1.28452 1.46971 1.67937 1.91689 2.18593 2.49038 2.83425 3.2214 3.65488 4.13519 
4.13519 3.66162 3.23174 2.84595 2.50189 2.19618 1.92511 1.68504 1.47247 1.28408 1.11671 0.9677 0.834637 0.706825 0.585489 0.472144 0.368461 0.276141 0.196713 0.124957 0.0631224 0.013187 -0.023335 -0.0459781 -0.0564556 -0.06034 -0.0564556 -0.0459781 -0.023335 0.013187 0.0631224 0.124957 0.196713 0.276141 0.368461 0.472144 0.585489 0.706825 0.834637 0.9677 1.11671 1.28408 1.47247 1.68504 1.92511 2.19618 2.50189 2.84595 3.23174 3.66162 4.13519 
4.13519 3.66881 3.24288 2.85861 2.51433 2.20714 1.93374 1.6907 1.47471 1.28259 1.11126 0.958202 0.821216 0.690197 0.566412 0.451406 0.346853 0.254393 0.175388 0.103945 0.0424788 -0.00694443 -0.0428692 -0.0650671 -0.0754557 -0.0792548 -0.0754557 -0.0650671 -0.0428692 -0.00694443 0.0424788 0.103945 0.175388 0.254393 0.346853 0.451406 0.566412 0.690197 0.821216 0.958202 1.11126 1.28259 1.47471 1.6907 1.93374 2.20714 2.51433 2.85861 3.24288 3.66881 4.13519 
4.13519 3.67639 3.25472 2.8721 2.52752 2.21863 1.9425 1.696 1.47602 1.27953 1.10359 0.945869 0.804403 0.669709 0.54311 0.42618 0.320575 0.227842 0.149146 0.0779122 0.0166996 -0.0323636 -0.0679005 -0.0898819 -0.10032 -0.104092 -0.10032 -0.0898819 -0.0679005 -0.0323636 0.0166996 0.0779122 0.149146 0.227842 0.320575 0.42618 0.54311 0.669709 0.804403 0.945869 1.10359 1.27953 1.47602 1.696 1.9425 2.21863 2.52752 2.8721 3.25472 3.67639 4.13519 
4.13519 3.68424 3.26707 2.88617 2.54119 2.2303 1.95099 1.70043 1.47578 1.27419 1.09288 0.929781 0.783177 0.644242 0.514373 0.395167 0.288241 0.195012 0.11643 0.045211 -0.0159612 -0.0649186 -0.100361 -0.122398 -0.133041 -0.136849 -0.133041 -0.122398 -0.100361 -0.0649186 -0.0159612 0.045211 0.11643 0.195012 0.288241 0.395167 0.514373 0.644242 0.783177 0.929781 1.09288 1.27419 1.47578 1.70043 1.95099 2.2303 2.54119 2.88617 3.26707 3.68424 4.13519 
4.13519 3.6922 3.27965 2.90048 2.5549 2.24164 1.95859 1.70329 1.47316 1.2656 1.07804 0.908695 0.756156 0.612279 0.478551 0.356584 0.247934 0.153861 0.0750765 0.00355125 -0.0579274 -0.107159 -0.142897 -0.165313 -0.176343 -0.180258 -0.176343 -0.165313 -0.142897 -0.107159 -0.0579274 0.00355125 0.0750765 0.153861 0.247934 0.356584 0.478551 0.612279 0.756156 0.908695 1.07804 1.2656 1.47316 1.70329 1.95859 2.24164 2.5549 2.90048 3.27965 3.6922 4.13519 
4.13519 3.70005 3.29208 2.91451 2.56804 2.2519 1.96444 1.70357 1.46701 1.25244 1.05757 0.880925 0.721457 0.571744 0.433371 0.307963 0.196993 0.101541 0.0220712 -0.0502604 -0.112568 -0.162611 -0.199148 -0.222334 -0.233977 -0.23808 -0.233977 -0.222334 -0.199148 -0.162611 -0.112568 -0.0502604 0.0220712 0.101541 0.196993 0.307963 0.433371 0.571744 0.721457 0.880925 1.05757 1.25244 1.46701 1.70357 1.96444 2.2519 2.56804 2.91451 3.29208 3.70005 4.13519 
4.13519 3.70752 3.30387 2.92757 2.57975 2.26008 1.96736 1.6999 1.45575 1.23292 1.02942 0.844171 0.676501 0.51977 0.375675 0.245855 0.131688 0.0340629 -0.0468122 -0.120693 -0.184586 -0.236174 -0.274162 -0.298613 -0.311156 -0.315549 -0.311156 -0.298613 -0.274162 -0.236174 -0.184586 -0.120693 -0.0468122 0.0340629 0.131688 0.245855 0.375675 0.51977 0.676501 0.844171 1.02942 1.23292 1.45575 1.6999 1.96736 2.26008 2.57975 2.92757 3.30387 3.70752 4.13519 
4.13519 3.71429 3.31438 2.93876 2.58889 2.26482 1.96577 1.69044 1.43727 1.20462 0.990838 0.795279 0.617724 0.452367 0.301041 0.165412 0.0467634 -0.0542059 -0.137534 -0.214042 -0.280588 -0.334727 -0.375032 -0.401392 -0.415219 -0.420036 -0.415219 -0.401392 -0.375032 -0.334727 -0.280588 -0.214042 -0.137534 -0.0542059 0.0467634 0.165412 0.301041 0.452367 0.617724 0.795279 0.990838 1.20462 1.43727 1.69044 1.96577 2.26482 2.58889 2.93876 3.31438 3.71429 4.13519 
4.13519 3.71996 3.32282 2.94696 2.594 2.26433 1.95754 1.67273 1.40872 1.16425 0.938026 0.729903 0.540167 0.363937 0.203225 0.0597518 -0.065264 -0.17129 -0.258588 -0.339271 -0.409987 -0.468074 -0.511878 -0.541033 -0.55668 -0.562106 -0.55668 -0.541033 -0.511878 -0.468074 -0.409987 -0.339271 -0.258588 -0.17129 -0.065264 0.0597518 0.203225 0.363937 0.540167 0.729903 0.938026 1.16425 1.40872 1.67273 1.95754 2.26433 2.594 2.94696 3.32282 3.71996 4.13519 
4.13519 3.72407 3.32828 2.95078 2.59324 2.25633 1.93996 1.64355 1.36631 1.10736 0.865802 0.642012 0.436869 0.246545 0.0732999 -0.0810196 -0.215195 -0.328803 -0.422282 -0.509393 -0.586465 -0.650499 -0.69949 -0.732712 -0.750967 -0.757269 -0.750967 -0.732712 -0.69949 -0.650499 -0.586465 -0.509393 -0.422282 -0.328803 -0.215195 -0.0810196 0.0732999 0.246545 0.436869 0.642012 0.865802 1.10736 1.36631 1.64355 1.93996 2.25633 2.59324 2.95078 3.32828 3.72407 4.13519 
4.13519 3.72611 3.32968 2.94855 2.58438 2.23796 1.90947 1.59863 1.30495 1.02792 0.767003 0.523154 0.29794 0.0887698 -0.101719 -0.271419 -0.41898 -0.543979 -0.64695 -0.743862 -0.830553 -0.903509 -0.960207 -0.999413 -1.02148 -1.02906 -1.02148 -0.999413 -0.960207 -0.903509 -0.830553 -0.743862 -0.64695 -0.543979 -0.41898 -0.271419 -0.101719 0.0887698 0.29794 0.523154 0.767003 1.02792 1.30495 1.59863 1.90947 2.23796 2.58438 2.94855 3.32968 3.72611 4.13519 
4.13519 3.7255 3.3258 2.93834 2.56466 2.20562 1.86153 1.53233 1.21778 0.917602 0.631587 0.361269 0.109016 -0.126241 -0.34127 -0.533454 -0.701065 -0.843463 -0.96113 -1.07314 -1.17456 -1.26109 -1.32943 -1.37763 -1.40541 -1.41492 -1.40541 -1.37763 -1.32943 -1.26109 -1.17456 -1.07314 -0.96113 -0.843463 -0.701065 -0.533454 -0.34127 -0.126241 0.109016 0.361269 0.631587 0.917602 1.21778 1.53233 1.86153 2.20562 2.56466 2.93834 3.3258 3.7255 4.13519 
4.13519 3.72165 3.31529 2.91791 2.5308 2.15476 1.79015 1.43702 1.09522 0.764577 0.444994 0.138532 -0.151537 -0.424357 -0.675771 -0.902228 -1.10114 -1.27119 -1.41245 -1.54857 -1.67329 -1.78105 -1.86741 -1.92945 -1.96602 -1.97849 -1.96602 -1.92945 -1.86741 -1.78105 -1.67329 -1.54857 -1.41245 -1.27119 -1.10114 -0.902228 -0.675771 -0.424357 -0.151537 0.138532 0.444994 0.764577 1.09522 1.43702 1.79015 2.15476 2.5308 2.91791 3.31529 3.72165 4.13519 
4.13519 3.71401 3.29684 2.88482 2.47882 2.07944 1.68699 1.30149 0.922754 0.550483 0.184349 -0.173281 -0.518264 -0.847427 -1.15549 -1.43749 -1.68914 -1.90727 -2.09036 -2.26854 -2.43245 -2.5745 -2.689 -2.77219 -2.82212 -2.83903 -2.82212 -2.77219 -2.689 -2.5745 -2.43245 -2.26854 -2.09036 -1.90727 -1.68914 -1.43749 -1.15549 -0.847427 -0.518264 -0.173281 0.184349 0.550483 0.922754 1.30149 1.68699 2.07944 2.47882 2.88482 3.29684 3.71401 4.13519 
4.13519 3.70238 3.26957 2.83676 2.40395 1.97114 1.53832 1.10551 0.672702 0.239891 -0.193091 -0.623699 -1.04786 -1.4612 -1.85943 -2.23846 -2.59435 -2.92344 -3.22232 -3.48791 -3.71745 -3.90859 -4.05933 -4.16814 -4.23387 -4.25586 -4.23387 -4.16814 -4.05933 -3.90859 -3.71745 -3.48791 -3.22232 -2.92344 -2.59435 -2.23846 -1.85943 -1.4612 -1.04786 -0.623699 -0.193091 0.239891 0.672702 1.10551 1.53832 1.97114 2.40395 2.83676 3.26957 3.70238 4.13519 

y_vals
0 0 0 0 0 0 0 0 0 0 0 4.73193e-09 -0.0149783 -0.0279405 -0.0389613 -0.0479311 -0.0546107 -0.0587164 -0.060013 -0.0583914 -0.0539131 -0.0468134 -0.0374613 -0.026288 -0.0137006 0 0.0137006 0.026288 0.0374613 0.0468134 0.0539131 0.0583914 0.060013 0.0587164 0.0546107 0.0479311 0.0389613 0.0279405 0.0149783 -4.73193e-09 0 0 0 0 0 0 0 0 0 0 0 
-0.02 -0.0195706 -0.0191563 -0.0187253 -0.0182667 -0.0177813 -0.0172772 -0.0167685 -0.016277 -0.0158422 -0.0155697 -0.0161143 -0.0292871 -0.0411102 -0.0510991 -0.0590246 -0.0646128 -0.0675752 -0.0676954 -0.0648788 -0.0591858 -0.0508475 -0.0402301 -0.0277905 -0.0145572 6.75792e-19 0.0145572 0.0277905 0.0402301 0.0508475 0.0591858 0.0648788 0.0676954 0.0675752 0.0646128 0.0590246 0.0510991 0.0411102 0.0292871 0.0161143 0.0155697 0.0158422 0.016277 0.0167685 0.0172772 0.0177813 0.0182667 0.0187253 0.0191563 0.0195706 0.02 
-0.043 -0.0420818 -0.0411943 -0.0402702 -0.0392863 -0.0382438 -0.0371599 -0.0360644 -0.035004 -0.0340629 -0.0334621 -0.0343304 -0.0456646 -0.0561935 -0.0649891 -0.0717039 -0.0760277 -0.0776698 -0.076441 -0.0722513 -0.0651591 -0.0553925 -0.0433228 -0.0294849 -0.0155105 1.54881e-18 0.0155105 0.0294849 0.0433228 0.0553925 0.0651591 0.0722513 0.076441 0.0776698 0.0760277 0.0717039 0.0649891 0.0561935 0.0456646 0.0343304 0.0334621 0.0340629 0.035004 0.0360644 0.0371599 0.0382438 0.0392863 0.0402702 0.0411943 0.0420818 0.043 
-0.06945 -0.0679762 -0.0665489 -0.0650616 -0.0634765 -0.061795 -0.0600442 -0.0582717 -0.0565518 -0.055018 -0.054008 -0.0549424 -0.0643982 -0.0734595 -0.0808757 -0.0861862 -0.0890451 -0.0891634 -0.0863892 -0.0806224 -0.0719188 -0.0605074 -0.0467778 -0.0313985 -0.0165706 2.67304e-18 0.0165706 0.0313985 0.0467778 0.0605074 0.0719188 0.0806224 0.0863892 0.0891634 0.0890451 0.0861862 0.0808757 0.0734595 0.0643982 0.0549424 0.054008 0.055018 0.0565518 0.0582717 0.0600442 0.061795 0.0634765 0.0650616 0.0665489 0.0679762 0.06945 
-0.0998675 -0.0977635 -0.0957216 -0.0935918 -0.0913193 -0.0889055 -0.086388 -0.0838339 -0.0813481 -0.0791163 -0.0775838 -0.0782929 -0.0858145 -0.093214 -0.0990359 -0.102717 -0.103879 -0.10224 -0.0976974 -0.0901199 -0.0795622 -0.0662597 -0.0506417 -0.0335651 -0.0177504 4.1523e-18 0.0177504 0.0335651 0.0506417 0.0662597 0.0795622 0.0901199 0.0976974 0.10224 0.103879 0.102717 0.0990359 0.093214 0.0858145 0.0782929 0.0775838 0.0791163 0.0813481 0.0838339 0.086388 0.0889055 0.0913193 0.0935918 0.0957216 0.0977635 0.0998675 
-0.134848 -0.132031 -0.12929 -0.126429 -0.123372 -0.120119 -0.116721 -0.113264 -0.109886 -0.106827 -0.104619 -0.10478 -0.110286 -0.115805 -0.119785 -0.121576 -0.120772 -0.117108 -0.110544 -0.100889 -0.0882005 -0.0727293 -0.0549729 -0.0360268 -0.0190666 6.0175e-18 0.0190666 0.0360268 0.0549729 0.0727293 0.0882005 0.100889 0.110544 0.117108 0.120772 0.121576 0.119785 0.115805 0.110286 0.10478 0.104619 0.106827 0.109886 0.113264 0.116721 0.120119 0.123372 0.126429 0.12929 0.132031 0.134848 
-0.175075 -0.171453 -0.167922 -0.164228 -0.160277 -0.156066 -0.151655 -0.147155 -0.142737 -0.138691 -0.135609 -0.134868 -0.138238 -0.141629 -0.14348 -0.143078 -0.139999 -0.134005 -0.125135 -0.113099 -0.0979634 -0.0800128 -0.0598457 -0.0388373 -0.0205423 8.3202e-18 0.0205423 0.0388373 0.0598457 0.0800128 0.0979634 0.113099 0.125135 0.134005 0.139999 0.143078 0.14348 0.141629 0.138238 0.134868 0.135609 0.138691 0.142737 0.147155 0.151655 0.156066 0.160277 0.164228 0.167922 0.171453 0.175075 
-0.221336 -0.21681 -0.212384 -0.207748 -0.20278 -0.197475 -0.191902 -0.186196 -0.180561 -0.17533 -0.171121 -0.169098 -0.170163 -0.17114 -0.170533 -0.167588 -0.161876 -0.153204 -0.141705 -0.126943 -0.109007 -0.0882309 -0.0653562 -0.0420654 -0.0222097 1.12852e-17 0.0222097 0.0420654 0.0653562 0.0882309 0.109007 0.126943 0.141705 0.153204 0.161876 0.167588 0.170533 0.17114 0.170163 0.169098 0.171121 0.17533 0.180561 0.186196 0.191902 0.197475 0.20278 0.207748 0.212384 0.21681 0.221336 
-0.274536 -0.268998 -0.263565 -0.257864 -0.251744 -0.245191 -0.238286 -0.231185 -0.224123 -0.217467 -0.211821 -0.208101 -0.206632 -0.204865 -0.201416 -0.195523 -0.18677 -0.175027 -0.160534 -0.142658 -0.121521 -0.0975381 -0.0716304 -0.0458002 -0.0241126 1.50801e-17 0.0241126 0.0458002 0.0716304 0.0975381 0.121521 0.142658 0.160534 0.175027 0.18677 0.195523 0.201416 0.204865 0.206632 0.208101 0.211821 0.217467 0.224123 0.231185 0.238286 0.245191 0.251744 0.257864 0.263565 0.268998 0.274536 
-0.335717 -0.329051 -0.322489 -0.31559 -0.308168 -0.300197 -0.291767 -0.283052 -0.274315 -0.26594 -0.258485 -0.25262 -0.248313 -0.243414 -0.23668 -0.227372 -0.215111 -0.19985 -0.181956 -0.160529 -0.135746 -0.108136 -0.0788341 -0.0501571 -0.0263107 1.99015e-17 0.0263107 0.0501571 0.0788341 0.108136 0.135746 0.160529 0.181956 0.19985 0.215111 0.227372 0.23668 0.243414 0.248313 0.25262 0.258485 0.26594 0.274315 0.283052 0.291767 0.300197 0.308168 0.31559 0.322489 0.329051 0.335717 
-0.406074 -0.398161 -0.390341 -0.382101 -0.373213 -0.363637 -0.353464 -0.342885 -0.332179 -0.321733 -0.312032 -0.303527 -0.295996 -0.287509 -0.276978 -0.263718 -0.247416 -0.228133 -0.206381 -0.180915 -0.151993 -0.120289 -0.0871847 -0.0552866 -0.0288833 2.59542e-17 0.0288833 0.0552866 0.0871847 0.120289 0.151993 0.180915 0.206381 0.228133 0.247416 0.263718 0.276978 0.287509 0.295996 0.303527 0.312032 0.321733 0.332179 0.342885 0.353464 0.363637 0.373213 0.382101 0.390341 0.398161 0.406074 
-0.486985 -0.477701 -0.468489 -0.458758 -0.448231 -0.436845 -0.424687 -0.411955 -0.398939 -0.386005 -0.373555 -0.36186 -0.350624 -0.33801 -0.323089 -0.305264 -0.284315 -0.260445 -0.234325 -0.204276 -0.170666 -0.13435 -0.0969678 -0.0613841 -0.0319339 3.38046e-17 0.0319339 0.0613841 0.0969678 0.13435 0.170666 0.204276 0.234325 0.260445 0.284315 0.305264 0.323089 0.33801 0.350624 0.36186 0.373555 0.386005 0.398939 0.411955 0.424687 0.436845 0.448231 0.458758 0.468489 0.477701 0.486985 
-0.580033 -0.569257 -0.55852 -0.547144 -0.534795 -0.521379 -0.50697 -0.491763 -0.47604 -0.460138 -0.444364 -0.428864 -0.413341 -0.395966 -0.37597 -0.352875 -0.326598 -0.297504 -0.266449 -0.231215 -0.192305 -0.150783 -0.108557 -0.068704 -0.0355959 4.40215e-17 0.0355959 0.068704 0.108557 0.150783 0.192305 0.231215 0.266449 0.297504 0.326598 0.352875 0.37597 0.395966 0.413341 0.428864 0.444364 0.460138 0.47604 0.491763 0.50697 0.521379 0.534795 0.547144 0.55852 0.569257 0.580033 
-0.687038 -0.67466 -0.662269 -0.649097 -0.634744 -0.61907 -0.602124 -0.584083 -0.565208 -0.54579 -0.526049 -0.506052 -0.485548 -0.462669 -0.43681 -0.407648 -0.375269 -0.340239 -0.30362 -0.262524 -0.217622 -0.170206 -0.122438 -0.0775771 -0.0400411 5.75025e-17 0.0400411 0.0775771 0.122438 0.170206 0.217622 0.262524 0.30362 0.340239 0.375269 0.407648 0.43681 0.462669 0.485548 0.506052 0.526049 0.54579 0.565208 0.584083 0.602124 0.61907 0.634744 0.649097 0.662269 0.67466 0.687038 
-0.810094 -0.796022 -0.781867 -0.766763 -0.75023 -0.73207 -0.71229 -0.69103 -0.668514 -0.644974 -0.620554 -0.595283 -0.568989 -0.539747 -0.507124 -0.470988 -0.431638 -0.389873 -0.346986 -0.299264 -0.247569 -0.193431 -0.139249 -0.0884356 -0.0454907 7.57886e-17 0.0454907 0.0884356 0.139249 0.193431 0.247569 0.299264 0.346986 0.389873 0.431638 0.470988 0.507124 0.539747 0.568989 0.595283 0.620554 0.644974 0.668514 0.69103 0.71229 0.73207 0.75023 0.766763 0.781867 0.796022 0.810094 
-0.951608 -0.935787 -0.919788 -0.902643 -0.88378 -0.862926 -0.840019 -0.815145 -0.788468 -0.760157 -0.730287 -0.698882 -0.665871 -0.629282 -0.588872 -0.544739 -0.497437 -0.448037 -0.398083 -0.342855 -0.283416 -0.221533 -0.159825 -0.101848 -0.0522332 9.76552e-17 0.0522332 0.101848 0.159825 0.221533 0.283416 0.342855 0.398083 0.448037 0.497437 0.544739 0.588872 0.629282 0.665871 0.698882 0.730287 0.760157 0.788468 0.815145 0.840019 0.862926 0.88378 0.902643 0.919788 0.935787 0.951608 
-1.11435 -1.09678 -1.07891 -1.05967 -1.03838 -1.01466 -0.988366 -0.9595 -0.928147 -0.894397 -0.858265 -0.819792 -0.779028 -0.733982 -0.684634 -0.631351 -0.574991 -0.516928 -0.458984 -0.395205 -0.32686 -0.255943 -0.185276 -0.118569 -0.0606503 1.27257e-16 0.0606503 0.118569 0.185276 0.255943 0.32686 0.395205 0.458984 0.516928 0.574991 0.631351 0.684634 0.733982 0.779028 0.819792 0.858265 0.894397 0.928147 0.9595 0.988366 1.01466 1.03838 1.05967 1.07891 1.09678 1.11435 
-1.3015 -1.28228 -1.26259 -1.24128 -1.21754 -1.19088 -1.16102 -1.12785 -1.09135 -1.05152 -1.00832 -0.961798 -0.912152 -0.857427 -0.797858 -0.734128 -0.667445 -0.599528 -0.532501 -0.458898 -0.380188 -0.298579 -0.217094 -0.139621 -0.0712565 1.61671e-16 0.0712565 0.139621 0.217094 0.298579 0.380188 0.458898 0.532501 0.599528 0.667445 0.734128 0.797858 0.857427 0.912152 0.961798 1.00832 1.05152 1.09135 1.12785 1.16102 1.19088 1.21754 1.24128 1.26259 1.28228 1.3015 
-1.51673 -1.49606 -1.47475 -1.45153 -1.42547 -1.39592 -1.36245 -1.32482 -1.28284 -1.2364 -1.18537 -1.12984 -1.07014 -1.00442 -0.933212 -0.857576 -0.779113 -0.69993 -0.622487 -0.537465 -0.44652 -0.352064 -0.257324 -0.16641 -0.0847591 2.11849e-16 0.0847591 0.16641 0.257324 0.352064 0.44652 0.537465 0.622487 0.69993 0.779113 0.857576 0.933212 1.00442 1.07014 1.12984 1.18537 1.2364 1.28284 1.32482 1.36245 1.39592 1.42547 1.45153 1.47475 1.49606 1.51673 
-1.76424 -1.74253 -1.71997 -1.6952 -1.66715 -1.63501 -1.59817 -1.55615 -1.50862 -1.45527 -1.39586 -1.33047 -1.25956 -1.18149 -1.09712 -1.00793 -0.915986 -0.823827 -0.734301 -0.635819 -0.5302 -0.420055 -0.308833 -0.200913 -0.102155 2.67199e-16 0.102155 0.200913 0.308833 0.420055 0.5302 0.635819 0.734301 0.823827 0.915986 1.00793 1.09712 1.18149 1.25956 1.33047 1.39586 1.45527 1.50862 1.55615 1.59817 1.63501 1.66715 1.6952 1.71997 1.74253 1.76424 
-2.04887 -2.02679 -2.00362 -1.97796 -1.94859 -1.91454 -1.87494 -1.82909 -1.77638 -1.71629 -1.64834 -1.57256 -1.48948 -1.39776 -1.29863 -1.19404 -1.08657 -0.979315 -0.875572 -0.760961 -0.637436 -0.5078 -0.37575 -0.245997 -0.124888 3.37661e-16 0.124888 0.245997 0.37575 0.5078 0.637436 0.760961 0.875572 0.979315 1.08657 1.19404 1.29863 1.39776 1.48948 1.57256 1.64834 1.71629 1.77638 1.82909 1.87494 1.91454 1.94859 1.97796 2.00362 2.02679 2.04887 
-2.3762 -2.35474 -2.33199 -2.3065 -2.27699 -2.24225 -2.2012 -2.15282 -2.09615 -2.03031 -1.95448 -1.86844 -1.77273 -1.66633 -1.55086 -1.4288 -1.30338 -1.17832 -1.05755 -0.923231 -0.777408 -0.623076 -0.464217 -0.305931 -0.155109 4.48038e-16 0.155109 0.305931 0.464217 0.623076 0.777408 0.923231 1.05755 1.17832 1.30338 1.4288 1.55086 1.66633 1.77273 1.86844 1.95448 2.03031 2.09615 2.15282 2.2012 2.24225 2.27699 2.3065 2.33199 2.35474 2.3762 
-2.75263 -2.73322 -2.71239 -2.68875 -2.66095 -2.62765 -2.5875 -2.53914 -2.48117 -2.41216 -2.3307 -2.23603 -2.12837 -2.00702 -1.87394 -1.7322 -1.58579 -1.43935 -1.29768 -1.13862 -0.964273 -0.777848 -0.583666 -0.387276 -0.196119 5.76627e-16 0.196119 0.387276 0.583666 0.777848 0.964273 1.13862 1.29768 1.43935 1.58579 1.7322 1.87394 2.00702 2.12837 2.23603 2.3307 2.41216 2.48117 2.53914 2.5875 2.62765 2.66095 2.68875 2.71239 2.73322 2.75263 
-3.18553 -3.17009 -3.15329 -3.13392 -3.1107 -3.08224 -3.04705 -3.00343 -2.94949 -2.88307 -2.80171 -2.70335 -2.58718 -2.45258 -2.30161 -2.13795 -1.96661 -1.79352 -1.62497 -1.43331 -1.22079 -0.991012 -0.748781 -0.500146 -0.252964 4.14005e-16 0.252964 0.500146 0.748781 0.991012 1.22079 1.43331 1.62497 1.79352 1.96661 2.13795 2.30161 2.45258 2.58718 2.70335 2.80171 2.88307 2.94949 3.00343 3.04705 3.08224 3.1107 3.13392 3.15329 3.17009 3.18553 
-3.68336 -3.67431 -3.66431 -3.65254 -3.63806 -3.61976 -3.59632 -3.56608 -3.52691 -3.47604 -3.40942 -3.32087 -3.20668 -3.0656 -2.89938 -2.71203 -2.50959 -2.2999 -2.09194 -1.85165 -1.5828 -1.29032 -0.979925 -0.658012 -0.332138 5.237e-16 0.332138 0.658012 0.979925 1.29032 1.5828 1.85165 2.09194 2.2999 2.50959 2.71203 2.89938 3.0656 3.20668 3.32087 3.40942 3.47604 3.52691 3.56608 3.59632 3.61976 3.63806 3.65254 3.66431 3.67431 3.68336 
-4.25586 -4.25586 -4.25586 -4.25586 -4.25586 -4.25586 -4.25586 -4.25586 -4.25586 -4.25586 -4.25148 -4.20991 -4.12484 -3.99715 -3.82816 -3.61962 -3.37367 -3.09287 -2.7801 -2.43862 -2.07193 -1.68383 -1.27834 -0.859635 -0.43205 0 0.43205 0.859635 1.27834 1.68383 2.07193 2.43862 2.7801 3.09287 3.37367 3.61962 3.82816 3.99715 4.12484 4.20991 4.25148 4.25586 4.25586 4.25586 4.25586 4.25586 4.25586 4.25586 4.25586 4.25586 4.25586 
