412899 401377 401088 401265 401393 401244 400902 400511 400175 400007 398851 382339 314406 324380 332995 347340 359645 375899 396225 420504 450887 489844 541154 617258 753879 865493 753879 617258 541154 489844 450887 420504 396225 375899 359645 347340 332995 324380 314406 382339 398851 400007 400175 400511 400902 401244 401393 401265 401088 401377 412899 
401377 401377 401088 401265 401393 401244 400902 400511 400175 400007 398851 383934 317334 326381 334449 348559 360522 376066 395986 420592 451340 490681 542284 615972 755860 866257 755860 615972 542284 490681 451340 420592 395986 376066 360522 348559 334449 326381 317334 383934 398851 400007 400175 400511 400902 401244 401393 401265 401088 401377 401377 
401513 401513 401234 401422 401570 401449 401135 400779 400538 400420 396523 371541 316708 330136 339814 353897 366451 382943 404348 431047 464507 507781 565954 650161 780183 858534 780183 650161 565954 507781 464507 431047 404348 382943 366451 353897 339814 330136 316708 371541 396523 400420 400538 400779 401135 401449 401570 401422 401234 401513 401513 
401916 401916 401665 401884 402071 401998 401737 401452 401401 401382 394851 363405 316752 332626 343605 357568 370592 387819 410108 437774 472341 516997 577337 663324 782071 854434 782071 663324 577337 516997 472341 437774 410108 387819 370592 357568 343605 332626 316752 363405 394851 401382 401401 401452 401737 401998 402071 401884 401665 401916 401916 
402590 402590 402368 402614 402835 402802 402583 402386 402567 401934 390541 353647 316894 335492 347724 361573 375326 393582 416963 445835 482049 529432 595006 686080 790707 843649 790707 686080 595006 529432 482049 445835 416963 393582 375326 361573 347724 335492 316894 353647 390541 401934 402567 402386 402583 402802 402835 402614 402368 402590 402590 
403448 403448 403238 403486 403713 403685 403471 403362 403673 401369 383565 343283 318199 339229 352315 366047 380635 399952 424389 454439 492326 542492 612138 702308 790695 834047 790695 702308 612138 542492 492326 454439 424389 399952 380635 366047 352315 339229 318199 343283 383565 401369 403673 403362 403471 403685 403713 403486 403238 403448 403448 
404380 404380 404158 404379 404584 404532 404306 404325 404465 398979 373906 333850 321794 344165 357613 371351 386961 407517 433208 464727 504760 558321 631734 718647 790204 821297 790204 718647 631734 558321 504760 464727 433208 407517 386961 371351 357613 344165 321794 333850 373906 398979 404465 404325 404306 404532 404584 404379 404158 404380 404380 
405301 405301 405055 405237 405413 405333 405149 405368 404715 394132 361840 326855 328069 350401 363848 377901 394857 416900 443992 477090 519404 576073 650743 729438 784691 808508 784691 729438 650743 576073 519404 477090 443992 416900 394857 377901 363848 350401 328069 326855 361840 394132 404715 405368 405149 405333 405413 405237 405055 405301 405301 
406176 406176 405909 406054 406207 406136 406117 406494 403753 385772 348352 324403 336974 357970 371312 386108 404639 428159 456553 491344 536370 596022 669497 737006 777479 794687 777479 737006 669497 596022 536370 491344 456553 428159 404639 386108 371312 357970 336974 324403 348352 385772 403753 406494 406117 406136 406207 406054 405909 406176 406176 
407000 407000 406720 406828 406971 406977 407251 407353 400196 372995 336330 328367 348036 366726 379967 395808 416036 441245 471595 509172 557479 617996 684439 736295 763683 776099 763683 736295 684439 617996 557479 509172 471595 441245 416036 395808 379967 366726 348036 328367 336330 372995 400196 407353 407251 406976 406971 406828 406721 407000 407000 
407781 407781 407487 407549 407684 407838 408492 407045 391921 356759 330291 338418 359936 376018 389792 407643 430585 458520 491381 530804 578792 634280 689997 730320 751992 761896 751992 730320 689997 634280 578792 530804 491381 458520 430585 407643 389792 376018 359936 338418 330291 356759 391921 407045 408492 407838 407684 407549 407487 407781 407781 
408532 408532 408225 408205 408300 408855 409678 403337 376889 341703 333427 352182 372177 387175 403297 424330 449834 478745 510947 548807 595377 650178 704488 740878 757342 763825 757342 740878 704488 650178 595377 548807 510947 478745 449834 424330 403297 387175 372177 352182 333427 341703 376889 403336 409678 408854 408300 408205 408226 408532 408532 
409286 409286 408956 408760 409035 410443 409124 392190 357539 335668 346110 368742 386913 402596 420847 442747 467413 495130 528511 572388 628777 685941 717585 710816 693022 686491 693022 710816 717585 685941 628777 572388 528511 495130 467413 442747 420847 402596 386913 368742 346110 335668 357539 392190 409123 410442 409035 408760 408956 409286 409286 
410065 410065 409634 409391 410561 411628 402205 373239 344322 344269 365809 387034 402831 417913 435744 457528 485075 521374 568090 621279 663071 662960 614532 553478 514908 503067 514908 553478 614532 662960 663071 621279 568090 521374 485075 457528 435744 417913 402831 387034 365809 344269 344322 373239 402205 411628 410561 409391 409634 410065 410065 
410748 410748 410281 410734 412515 408141 386288 356207 346803 363313 385245 401445 414704 430702 453368 485355 527633 575425 614707 625821 592619 523272 453449 411877 396047 392451 396047 411877 453449 523272 592619 625821 614707 575425 527633 485355 453369 430702 414704 401445 385246 363314 346803 356207 386288 408141 412515 410734 410281 410748 410748 
411133 411133 411468 413019 411462 395784 367834 351809 361171 381513 398627 413221 431721 459099 496664 540030 577398 591859 572177 521653 458259 410082 389653 387619 390992 392755 390992 387619 389653 410082 458259 521653 572177 591859 577398 540031 496664 459099 431721 413221 398627 381513 361171 351809 367834 395784 411462 413020 411468 411133 411133 
411910 411910 414123 413710 401985 376926 357066 359665 377613 396991 416209 440812 473775 512185 546419 562034 549066 510520 462056 420637 397597 394567 401865 409272 412887 413844 412887 409272 401865 394567 397597 420637 462056 510520 549066 562034 546419 512185 473775 440812 416209 396991 377613 359665 357066 376926 401985 413710 414124 411910 411910 
414425 414425 415818 406025 382863 361286 359218 375577 398527 424193 455104 490392 521848 537850 529892 499344 458643 423600 403906 399040 403808 411108 415718 417335 417506 417427 417506 417335 415718 411108 403808 399040 403906 423600 458643 499344 529892 537850 521848 490392 455104 424193 398527 375577 359218 361286 382863 406026 415818 414425 414425 
415098 415098 407682 386565 364537 360345 376567 403601 435192 469420 500774 518694 514830 490753 456658 425855 407267 401908 404904 410236 414262 415763 415445 414628 414051 413854 414051 414628 415445 415763 414262 410236 404904 401908 407267 425855 456658 490753 514830 518694 500774 469420 435192 403601 376567 360345 364538 386565 407682 415098 415098 
404727 404727 386956 368166 364000 381040 411389 446381 479398 501429 503518 484966 455510 427991 410533 404529 406120 410203 413338 414647 414480 413658 412889 412428 412227 412176 412227 412428 412889 413658 414480 414647 413338 410203 406120 404529 410533 427991 455510 484966 503518 501429 479398 446381 411389 381040 364001 368166 386956 404726 404726 
385489 385489 371008 371035 389435 420998 455585 482972 493292 482379 457036 430604 413216 406578 407090 410241 412927 414105 414048 413468 412871 412503 412373 412378 412415 412433 412415 412378 412373 412503 412871 413468 414048 414105 412927 410241 407090 406578 413216 430604 457036 482379 493292 482972 455585 420999 389435 371035 371008 385488 385488 
376921 376921 379785 400513 431781 462133 480645 479634 460867 435788 416669 408250 407766 410269 412595 413695 413754 413349 412927 412676 412610 412664 412756 412833 412879 412894 412879 412833 412756 412664 412610 412676 412927 413349 413754 413695 412595 410269 407766 408250 416669 435788 460867 479635 480645 462133 431781 400513 379784 376920 376920 
391342 391342 411573 440510 465743 474845 464773 442814 421861 410402 408121 410134 412398 413482 413587 413271 412939 412754 412717 412769 412850 412921 412969 412993 413004 413006 413004 412993 412969 412921 412850 412769 412717 412754 412939 413271 413587 413482 412398 410134 408121 410402 421861 442814 464774 474845 465743 440509 411571 391340 391340 
419563 419563 444194 462849 466235 452096 430639 414432 408414 409282 411823 413320 413587 413305 412989 412815 412776 412809 412863 412911 412941 412955 412959 412958 412956 412955 412956 412958 412959 412955 412941 412911 412863 412809 412776 412815 412989 413305 413587 413320 411823 409282 408414 414433 430640 452096 466234 462847 444192 419560 419560 
455879 455879 460279 455091 440790 423947 412628 409239 410473 412394 413305 413348 413107 412917 412844 412845 412870 412894 412910 412918 412920 412919 412917 412915 412914 412913 412914 412915 412917 412919 412920 412918 412910 412894 412870 412845 412844 412917 413107 413348 413305 412394 410473 409239 412628 423946 440789 455090 460279 455879 455879 
412899 412899 412899 412899 412899 412899 412899 412899 412899 412899 412899 412899 412899 412899 412899 412899 412899 412899 412899 412899 412899 412899 412899 412899 412899 412899 412899 412899 412899 412899 412899 412899 412899 412899 412899 412899 412899 412899 412899 412899 412899 412899 412899 412899 412899 412899 412899 412899 412899 412899 412899 
