0 -7.18585e-05 -9.75114e-06 3.66217e-05 3.33003e-05 1.09621e-05 -4.96671e-06 -9.57121e-06 -8.32873e-06 -6.37532e-06 -5.18313e-06 9.68571e-08 62.9639 56.717 49.5203 41.9257 31.5121 17.6227 -1.21054 -26.5383 -60.6368 -107.488 -174.1 -273.823 -371.075 -9.25563e-06 371.075 273.823 174.1 107.488 60.6368 26.5383 1.21054 -17.6227 -31.5121 -41.9257 -49.5203 -56.717 -62.9639 9.68571e-08 -5.18313e-06 -6.37532e-06 -8.32873e-06 -9.57121e-06 -4.96671e-06 1.09621e-05 3.33003e-05 3.66217e-05 -9.75114e-06 -7.18585e-05 0 
0.0121853 0.0121853 0.0020031 0.00295652 0.0151817 0.0252231 0.0320491 0.0337024 -0.016863 -0.218293 1.28914 17.222 67.791 55.3552 46.0571 37.8464 26.5904 11.5404 -8.52552 -35.2727 -71.3643 -121.105 -192.209 -293.663 -379.099 -9.83431e-06 379.099 293.663 192.209 121.105 71.3643 35.2727 8.52552 -11.5404 -26.5904 -37.8464 -46.0571 -55.3552 -67.791 -17.222 -1.28915 0.218281 0.0168463 -0.0337215 -0.032059 -0.0252011 -0.0151151 -0.00288327 -0.00202261 -0.012329 -0.012329 
0.0263899 0.0263899 0.00193355 -0.000169289 0.0262681 0.0509292 0.0671409 0.0735679 -0.00883576 -0.316812 2.04711 22.2807 67.6584 55.3185 45.9156 37.1766 25.6498 10.2891 -10.1672 -37.4584 -74.3753 -125.115 -196.785 -294.904 -359.2 -7.63268e-06 359.2 294.904 196.785 125.115 74.3753 37.4584 10.1672 -10.2891 -25.6498 -37.1766 -45.9156 -55.3185 -67.6584 -22.2807 -2.04712 0.316799 0.00881908 -0.073587 -0.0671504 -0.0509066 -0.0262012 0.000241825 -0.00195433 -0.0265341 -0.0265341 
0.0407423 0.0407423 -0.00128884 -0.00751285 0.0326777 0.0705046 0.0950007 0.0923771 -0.106252 -0.290445 5.24224 31.4867 67.7892 53.9727 44.0605 34.737 22.6473 6.46913 -14.986 -43.3942 -81.6625 -133.809 -206.347 -299.6 -328.046 -6.55655e-06 328.046 299.6 206.347 133.809 81.6625 43.3942 14.986 -6.46913 -22.6473 -34.737 -44.0605 -53.9727 -67.7892 -31.4867 -5.24225 0.290432 0.106236 -0.092396 -0.0950098 -0.0704814 -0.0326105 0.00758446 0.00126659 -0.040887 -0.040887 
0.0534349 0.0534349 -0.0121883 -0.0256056 0.0278931 0.0786319 0.109382 0.0692425 -0.308462 -0.0143821 9.62162 40.3075 67.2045 52.1559 41.8593 32.0117 19.3489 2.37441 -19.9416 -49.1598 -88.2127 -140.781 -212.022 -293.587 -284.298 -6.00308e-06 284.298 293.587 212.022 140.781 88.2127 49.1598 19.9416 -2.37441 -19.3489 -32.0117 -41.8593 -52.1559 -67.2045 -40.3075 -9.62163 0.0143695 0.308445 -0.0692611 -0.10939 -0.0786078 -0.0278258 0.0256758 0.012164 -0.0535801 -0.0535801 
0.0645899 0.0645899 -0.0305024 -0.0534556 0.0143926 0.0805746 0.113314 -0.0177572 -0.540801 1.16103 16.1173 48.6701 65.5882 49.59 39.0794 28.7012 15.3191 -2.59663 -25.8628 -55.9466 -95.844 -148.879 -217.875 -283.738 -241.632 -5.52339e-06 241.632 283.738 217.875 148.879 95.844 55.9466 25.8628 2.59663 -15.3191 -28.7012 -39.0794 -49.59 -65.5882 -48.6701 -16.1173 -1.16104 0.540785 0.0177391 -0.113321 -0.0805496 -0.0143254 0.0535237 0.0304753 -0.0647355 -0.0647355 
0.0761593 0.0761593 -0.0524544 -0.086018 -0.000428866 0.08736 0.110417 -0.17705 -0.626423 3.76436 24.7158 55.9905 62.7752 46.2003 35.6374 24.6978 10.4304 -8.57468 -32.8842 -63.8911 -104.628 -157.651 -221.476 -265.868 -198.949 -5.05358e-06 198.949 265.868 221.476 157.651 104.628 63.8911 32.8842 8.57468 -10.4304 -24.6978 -35.6374 -46.2003 -62.7752 -55.9905 -24.7158 -3.76437 0.626407 0.177033 -0.110423 -0.087334 0.000495663 0.086083 0.0524237 -0.0763052 -0.0763052 
0.0910012 0.0910012 -0.0732419 -0.118973 -0.0110183 0.104925 0.0795557 -0.41854 -0.227778 8.51125 35.1064 61.056 58.4981 42.0202 31.4865 19.8199 4.38896 -15.9293 -41.3759 -73.2602 -114.565 -166.362 -221.155 -240.895 -160.14 -4.65746e-06 160.14 240.895 221.155 166.362 114.565 73.2602 41.3759 15.9293 -4.38896 -19.8199 -31.4865 -42.0202 -58.4981 -61.056 -35.1064 -8.51126 0.227762 0.418524 -0.0795603 -0.104897 0.011084 0.119034 0.0732066 -0.0911466 -0.0911466 
0.110971 0.110971 -0.0914172 -0.152187 -0.0155104 0.119459 -0.040808 -0.694188 1.28679 16.2823 46.2778 62.6304 52.5885 36.937 26.3271 13.668 -3.12673 -24.7358 -51.1117 -83.6722 -125.275 -174.357 -216.178 -210.921 -126.242 -4.32084e-06 126.241 210.921 216.178 174.357 125.275 83.6722 51.1117 24.7358 3.12673 -13.668 -26.3271 -36.937 -52.5885 -62.6304 -46.2778 -16.2823 -1.2868 0.694173 0.0408056 -0.119431 0.0155741 0.152241 0.0913758 -0.111115 -0.111115 
0.135905 0.135905 -0.107326 -0.185387 -0.0231313 0.0874111 -0.306413 -0.728092 5.06665 27.6107 55.689 59.7877 45.1368 30.9363 20.1136 6.31219 -11.9158 -34.9301 -62.6581 -96.5558 -138.159 -180.96 -204.034 -176.335 -96.8838 -4.01951e-06 96.8838 176.335 204.034 180.96 138.159 96.5558 62.6581 34.9301 11.9158 -6.31219 -20.1136 -30.9364 -45.1368 -59.7877 -55.689 -27.6107 -5.06666 0.728079 0.306413 -0.0873812 0.0231917 0.185433 0.107277 -0.136047 -0.136047 
0.16671 0.16671 -0.118183 -0.224485 -0.0475971 -0.026182 -0.730897 0.197138 12.813 41.2734 60.06 52.9103 36.9469 24.417 12.8271 -2.84266 -23.3922 -48.7044 -78.0533 -111.671 -148.363 -178.014 -181.52 -142.901 -75.322 -3.78795e-06 75.322 142.901 181.52 178.014 148.363 111.671 78.0533 48.7044 23.3922 2.84265 -12.8271 -24.417 -36.9469 -52.9103 -60.06 -41.2734 -12.8131 -0.197147 0.730901 0.026213 0.0476522 0.224518 0.118124 -0.166847 -0.166847 
0.205706 0.205706 -0.126084 -0.261028 -0.0665262 -0.370162 -1.21381 3.96581 25.9714 53.1382 57.6688 43.4371 28.2981 16.2015 2.29639 -16.2531 -38.9551 -64.6134 -91.8028 -120.736 -150.57 -172.005 -167.463 -125.612 -63.9836 -3.65753e-06 63.9836 125.612 167.463 172.005 150.57 120.736 91.8028 64.6134 38.9551 16.2531 -2.29639 -16.2015 -28.2981 -43.4371 -57.6688 -53.1382 -25.9714 -3.96581 1.21382 0.370193 0.0665732 0.261044 0.126014 -0.205836 -0.205836 
0.246817 0.246817 -0.114832 -0.229963 -0.245423 -1.29494 -0.263507 14.0029 41.9982 57.4216 48.6269 31.5713 17.2951 4.14992 -11.8088 -30.9584 -52.2372 -75.5089 -101.738 -133.105 -166.671 -182.227 -152.997 -89.584 -37.1085 -3.23834e-06 37.1085 89.584 152.997 182.227 166.671 133.105 101.738 75.5089 52.2372 30.9584 11.8088 -4.14993 -17.2951 -31.5713 -48.6269 -57.4216 -41.9982 -14.0029 0.26352 1.29497 0.245458 0.229957 0.114747 -0.246935 -0.246935 
0.288358 0.288358 -0.0066144 -0.245379 -1.13943 -1.90193 6.21017 30.2927 52.2473 50.8492 34.339 17.819 4.96209 -7.8579 -23.2359 -41.7252 -64.8325 -94.9899 -131.727 -167.398 -179.737 -142.915 -74.1432 -23.2972 -6.15679 -2.36242e-06 6.15678 23.2972 74.1432 142.915 179.737 167.398 131.727 94.9899 64.8325 41.7252 23.2359 7.8579 -4.9621 -17.819 -34.339 -50.8492 -52.2473 -30.2927 -6.21015 1.90196 1.13944 0.245346 0.0065131 -0.288458 -0.288458 
0.412321 0.412321 0.187026 -0.869309 -2.4348 1.57933 20.2571 44.1862 50.0486 36.8506 19.8957 6.94775 -3.96906 -17.5113 -37.0143 -64.7062 -101.053 -139.781 -164.198 -156.001 -108.334 -45.3584 -5.87068 1.9334 -0.384501 -1.76157e-06 0.384497 -1.9334 5.87067 45.3584 108.334 156.001 164.198 139.781 101.053 64.7062 37.0143 17.5113 3.96906 -6.94776 -19.8957 -36.8506 -50.0486 -44.1861 -20.2571 -1.57931 2.4348 0.869241 -0.187143 -0.412392 -0.412392 
0.688772 0.688772 -0.0705904 -2.35168 -1.16378 12.5963 35.6902 47.3266 39.2733 23.5739 10.07 -1.9253 -17.7376 -41.7374 -75.089 -112.655 -140.974 -143.161 -114.023 -65.9058 -19.7199 1.45334 0.977142 -2.10259 -1.34548 -1.71452e-06 1.34548 2.10259 -0.977145 -1.45334 19.7199 65.9058 114.023 143.161 140.974 112.655 75.089 41.7374 17.7376 1.92529 -10.07 -23.5739 -39.2733 -47.3266 -35.6902 -12.5963 1.16374 2.35157 0.0704596 -0.688798 -0.688798 
0.303026 0.303026 -1.66242 -2.48577 7.26941 28.4701 43.9209 41.1434 27.2465 12.0148 -3.9633 -25.4777 -54.8641 -88.8349 -117.134 -124.936 -105.087 -66.4223 -28.509 -4.56817 3.14315 0.985381 -1.14286 -0.894881 -0.0592311 -1.78632e-06 0.0592275 0.894878 1.14285 -0.985385 -3.14315 4.56817 28.509 66.4223 105.086 124.936 117.134 88.8349 54.8641 25.4777 3.9633 -12.0148 -27.2465 -41.1434 -43.9208 -28.4701 -7.26948 2.48562 1.66229 -0.302985 -0.302985 
-2.13627 -2.13627 -2.58317 4.72265 23.4859 40.6755 41.7706 29.0732 10.9609 -10.5834 -37.8135 -69.3526 -96.2917 -106.895 -94.3761 -63.5713 -29.4808 -6.40603 1.99211 2.66172 0.798461 -0.428459 0.0336811 0.585739 0.451398 -1.7208e-06 -0.451402 -0.585742 -0.0336847 0.428455 -0.798465 -2.66173 -1.99211 6.40602 29.4808 63.5713 94.3761 106.895 96.2917 69.3526 37.8135 10.5834 -10.9608 -29.0732 -41.7706 -40.6755 -23.486 -4.72284 2.58306 2.13641 2.13641 
-3.348 -3.348 4.74635 21.8983 38.2145 40.7307 28.0056 6.51671 -20.1058 -50.156 -77.5818 -91.3697 -84.1368 -59.9818 -30.6332 -8.43533 1.58996 3.00912 1.64998 0.468636 0.0532104 0.383315 0.640344 0.512636 0.226562 -1.58031e-06 -0.226565 -0.51264 -0.640347 -0.383318 -0.0532142 -0.46864 -1.64999 -3.00912 -1.58996 8.43532 30.6331 59.9818 84.1368 91.3697 77.5818 50.156 20.1059 -6.51668 -28.0056 -40.7307 -38.2146 -21.8985 -4.74642 3.34829 3.34829 
5.3979 5.3979 22.2232 37.3073 38.2871 24.009 -0.581677 -30.1639 -58.7136 -76.8717 -75.9658 -56.997 -31.2516 -10.5316 0.332252 3.01151 2.02455 0.665433 0.187116 0.204873 0.331836 0.353302 0.196886 0.0398189 -0.0168011 -1.43533e-06 0.0167982 -0.0398219 -0.196889 -0.353306 -0.33184 -0.204877 -0.18712 -0.665438 -2.02456 -3.01152 -0.332259 10.5316 31.2516 56.997 75.9658 76.8717 58.7136 30.1639 0.581643 -24.0091 -38.2873 -37.3074 -22.2232 -5.3974 -5.3974 
22.4266 22.4266 34.846 34.6706 18.0817 -8.85055 -38.591 -61.8062 -68.7339 -56.4734 -33.4311 -12.5217 -0.957182 2.61724 2.25873 0.921634 0.141673 0.041009 0.13395 0.121651 0.0470222 -0.060073 -0.125586 -0.117565 -0.064647 -1.28713e-06 0.0646444 0.117563 0.125583 0.06007 -0.0470255 -0.121655 -0.133954 -0.0410139 -0.141678 -0.92164 -2.25874 -2.61725 0.957179 12.5217 33.4311 56.4734 68.7339 61.8062 38.5909 8.85039 -18.0819 -34.6707 -34.8457 -22.4259 -22.4259 
30.6767 30.6767 27.1944 10.3647 -16.3855 -43.5116 -59.3522 -56.4373 -38.1924 -16.873 -2.83562 2.28276 2.39338 1.17666 0.250631 -0.0575351 -0.0302472 0.0109403 -0.0372772 -0.103709 -0.1366 -0.134293 -0.10129 -0.0603702 -0.0263277 -1.11787e-06 0.0263254 0.0603679 0.101287 0.13429 0.136597 0.103706 0.0372732 -0.0109451 0.0302417 0.0575291 -0.250637 -1.17667 -2.39338 -2.28276 2.83564 16.873 38.1924 56.4372 59.352 43.5114 16.3855 -10.3645 -27.1937 -30.6755 -30.6755 
18.9371 18.9371 0.564217 -23.3536 -43.9789 -51.9832 -42.8448 -23.782 -7.07436 1.05825 2.53514 1.50644 0.450254 -0.0113699 -0.0916259 -0.060042 -0.0588513 -0.0930404 -0.115104 -0.102624 -0.0743976 -0.0432273 -0.0185026 -0.00507518 -0.000467946 -9.194e-07 0.000466085 0.00507325 0.0185006 0.043225 0.074395 0.102621 0.1151 0.0930359 0.058846 0.0600363 0.0916207 0.0113676 -0.450249 -1.50642 -2.53511 -1.05824 7.07433 23.7819 42.8447 51.9831 43.9791 23.3542 -0.563156 -18.9357 -18.9357 
-7.78861 -7.78861 -28.8323 -42.4682 -41.7763 -29.1965 -12.9564 -1.89721 1.86617 1.63133 0.625799 0.0827618 -0.0384652 -0.0330158 -0.0357738 -0.0572071 -0.0746163 -0.0723332 -0.0523361 -0.0283728 -0.0101628 0.00119726 0.0057222 0.00550466 0.003078 -6.86887e-07 -0.00307939 -0.0055061 -0.00572375 -0.00119899 0.0101607 0.0283703 0.052333 0.0723292 0.0746114 0.0572019 0.0357701 0.0330167 0.0384747 -0.0827426 -0.625782 -1.63135 -1.86627 1.89703 12.9563 29.1967 41.7771 42.4695 28.8339 7.78999 7.78999 
-44.5407 -44.5407 -46.7392 -37.3695 -20.6144 -5.83985 1.38366 2.21112 0.863616 -0.0561521 -0.196539 -0.0656577 0.0143218 0.014823 -0.00936863 -0.0256826 -0.0279171 -0.02145 -0.012672 -0.00556488 -0.000846943 0.00156854 0.00210385 0.00164908 0.000860313 -3.9688e-07 -0.000861114 -0.00164991 -0.00210474 -0.00156956 0.00084569 0.00556326 0.0126698 0.0214472 0.0279136 0.0256792 0.0093674 -0.0148188 -0.01431 0.0656731 0.196535 0.0560793 -0.863792 -2.2113 -1.38354 5.84069 20.6162 37.372 46.7419 44.5427 44.5427 
0 0 0 0 0 0 0 0 0 0 0 0 0 0 0 0 0 0 0 0 0 0 0 0 0 0 0 0 0 0 0 0 0 0 0 0 0 0 0 0 0 0 0 0 0 0 0 0 0 0 0 
