-979.921 -1020.49 -1173.1 -1348.24 -1549.17 -1780.54 -2047.1 -2353.65 -2705.89 -3112.19 -3590.32 -4189.28 -4766.04 -4981.59 -5008.28 -5183.59 -5451.85 -5812.29 -6262.45 -6828.4 -7585.87 -8606.08 -9974.77 -11770.3 -11737.7 -0.00024769 11737.7 11770.3 9974.77 8606.08 7585.87 6828.4 6262.45 5812.29 5451.85 5183.59 5008.28 4981.59 4766.04 4189.28 3590.32 3112.19 2705.89 2353.65 2047.1 1780.54 1549.17 1348.24 1173.1 1020.49 979.921 
-958.038 -1023.95 -1175.06 -1348.9 -1548.52 -1778.41 -2043.1 -2347.34 -2696.63 -3098.78 -3571.66 -4175.95 -4766.04 -4981.59 -5008.28 -5183.59 -5451.85 -5812.29 -6262.45 -6828.4 -7585.87 -8606.08 -9974.77 -11770.3 -11737.7 -0.00024769 11737.7 11770.3 9974.77 8606.08 7585.87 6828.4 6262.45 5812.29 5451.85 5183.59 5008.28 4981.59 4766.04 4175.95 3571.66 3098.78 2696.63 2347.34 2043.1 1778.41 1548.52 1348.9 1175.06 1023.95 958.038 
-963.111 -1028.32 -1177.79 -1350.29 -1548.53 -1776.95 -2039.94 -2341.9 -2688.08 -3085.96 -3559.77 -4192.54 -4782.33 -4958.77 -4980.92 -5155.75 -5421.03 -5780.83 -6227.83 -6775.42 -7499.98 -8453.11 -9664.75 -11181.1 -10813 -0.000176664 10813 11181.1 9664.75 8453.11 7499.98 6775.42 6227.83 5780.83 5421.03 5155.75 4980.92 4958.77 4782.33 4192.54 3559.77 3085.96 2688.08 2341.9 2039.94 1776.95 1548.53 1350.29 1177.79 1028.32 963.111 
-969.56 -1034 -1181.75 -1352.88 -1549.86 -1776.85 -2038.12 -2338.02 -2681.49 -3077.45 -3559.3 -4212.53 -4771.57 -4907.55 -4935.23 -5112.21 -5377.63 -5742.92 -6186.65 -6705.43 -7382.45 -8247.02 -9293.3 -10586.8 -9618.46 -0.000141009 9618.46 10586.8 9293.3 8247.02 7382.45 6705.43 6186.65 5742.92 5377.63 5112.21 4935.23 4907.55 4771.57 4212.53 3559.3 3077.45 2681.49 2338.02 2038.12 1776.85 1549.86 1352.88 1181.75 1034 969.56 
-977.48 -1041.07 -1186.94 -1356.58 -1552.08 -1777.44 -2036.76 -2334.11 -2674.24 -3069.01 -3560.44 -4222.46 -4731.66 -4832.66 -4871.12 -5050.29 -5315.44 -5684.08 -6116.23 -6591.78 -7202.84 -7955.33 -8810.96 -9794.76 -8265.61 -0.000121495 8265.61 9794.76 8810.96 7955.33 7202.84 6591.78 6116.23 5684.08 5315.44 5050.29 4871.12 4832.66 4731.66 4222.46 3560.44 3069.01 2674.24 2334.11 2036.76 1777.44 1552.08 1356.58 1186.94 1041.07 977.48 
-986.703 -1049.36 -1193.07 -1360.89 -1554.53 -1777.76 -2034.45 -2328.2 -2663.89 -3057.71 -3559.37 -4219.09 -4671.35 -4742.59 -4793.77 -4974.82 -5238.64 -5608.04 -6023.19 -6448.68 -6986.97 -7622.58 -8291.94 -8969.05 -7023.56 -0.00010522 7023.56 8969.05 8291.94 7622.58 6986.97 6448.68 6023.19 5608.04 5238.64 4974.82 4793.77 4742.59 4671.35 4219.09 3559.37 3057.71 2663.89 2328.2 2034.45 1777.76 1554.53 1360.89 1193.07 1049.36 986.703 
-997.099 -1058.67 -1199.81 -1365.38 -1556.69 -1777.21 -2030.44 -2319.45 -2650.28 -3045.67 -3559.48 -4203.49 -4593.98 -4640.98 -4706.57 -4889.11 -5150.35 -5518.56 -5912.4 -6282.02 -6740.11 -7249.15 -7718.44 -8059.65 -5865.83 -9.0777e-05 5865.83 8059.65 7718.44 7249.15 6740.11 6282.02 5912.4 5518.56 5150.35 4889.11 4706.57 4640.98 4593.98 4203.49 3559.48 3045.67 2650.28 2319.45 2030.44 1777.21 1556.69 1365.38 1199.81 1058.67 997.099 
-1008.56 -1068.88 -1207.02 -1369.9 -1558.46 -1775.7 -2024.73 -2308.47 -2635.48 -3036.68 -3562.51 -4171.16 -4497.55 -4528.97 -4610.32 -4793.63 -5051.17 -5415.77 -5783.16 -6089.94 -6457.96 -6829.22 -7090.46 -7110.52 -4854.63 -7.87852e-05 4854.63 7110.52 7090.46 6829.22 6457.96 6089.94 5783.16 5415.77 5051.17 4793.63 4610.32 4528.97 4497.55 4171.16 3562.51 3036.68 2635.48 2308.47 2024.73 1775.7 1558.46 1369.9 1207.02 1068.88 1008.56 
-1021.11 -1080.01 -1214.77 -1374.57 -1559.9 -1773.37 -2017.52 -2295.58 -2621.47 -3033.98 -3563.86 -4113.12 -4379.23 -4406.98 -4504 -4686.36 -4938.08 -5295.09 -5629.39 -5865.58 -6135.1 -6363.47 -6424.3 -6168.76 -3992.54 -6.87017e-05 3992.54 6168.76 6424.3 6363.47 6135.1 5865.58 5629.39 5295.09 4938.08 4686.36 4504 4406.98 4379.23 4113.12 3563.86 3033.98 2621.47 2295.58 2017.52 1773.37 1559.9 1374.57 1214.77 1080.01 1021.11 
-1034.88 -1092.17 -1223.13 -1379.39 -1560.99 -1770.03 -2008.51 -2281.45 -2610.58 -3037.85 -3552.14 -4022.5 -4239.23 -4275.12 -4384.75 -4562.92 -4805.92 -5150.67 -5445.86 -5606.37 -5772.72 -5859.16 -5740.58 -5285.23 -3286.45 -6.01635e-05 3286.45 5285.23 5740.58 5859.16 5772.72 5606.37 5445.86 5150.67 4805.92 4562.92 4384.75 4275.12 4239.23 4022.5 3552.14 3037.85 2610.58 2281.45 2008.51 1770.03 1560.99 1379.39 1223.13 1092.17 1034.88 
-1049.97 -1105.46 -1232.2 -1384.34 -1561.53 -1765.19 -1997.2 -2266.97 -2606.18 -3044.39 -3511.14 -3896.91 -4081.75 -4132.8 -4249.45 -4420.07 -4651.9 -4979.5 -5228.74 -5308.2 -5368.72 -5323.5 -5066.16 -4501.96 -2720.7 -5.28217e-05 2720.7 4501.96 5066.16 5323.5 5368.72 5308.2 5228.74 4979.5 4651.9 4420.07 4249.45 4132.8 4081.75 3896.91 3511.14 3044.39 2606.18 2266.97 1997.2 1765.19 1561.53 1384.34 1232.2 1105.46 1049.97 
-1066.5 -1119.97 -1241.95 -1389.34 -1561.33 -1758.36 -1983.69 -2255.79 -2611.3 -3039.03 -3427.86 -3741.65 -3912.52 -3978.69 -4095.59 -4255.22 -4471.74 -4774.17 -4969.64 -4966.69 -4929.58 -4780.27 -4436.32 -3829.11 -2257.71 -4.63251e-05 2257.71 3829.11 4436.32 4780.27 4929.58 4966.69 4969.64 4774.17 4471.74 4255.22 4095.59 3978.69 3912.52 3741.65 3427.86 3039.03 2611.3 2255.79 1983.69 1758.36 1561.33 1389.34 1241.95 1119.97 1066.5 
-1084.47 -1135.72 -1252.47 -1394.44 -1560.04 -1749.21 -1970.97 -2254.68 -2620.7 -2998.57 -3300.94 -3566.14 -3733.15 -3807.72 -3917.92 -4063.16 -4259.91 -4530.98 -4670.03 -4588.43 -4466.86 -4243.1 -3850.3 -3242.13 -1895.12 -4.12249e-05 1895.12 3242.13 3850.3 4243.1 4466.86 4588.43 4670.03 4530.98 4259.91 4063.16 3917.92 3807.72 3733.15 3566.14 3300.94 2998.57 2620.7 2254.68 1970.97 1749.21 1560.04 1394.44 1252.46 1135.72 1084.47 
-1103.92 -1152.71 -1263.74 -1399.41 -1557.09 -1739.48 -1966.4 -2266.09 -2610.59 -2905.47 -3140.93 -3378.47 -3541.73 -3616.76 -3716.32 -3845.27 -4017.88 -4248.44 -4320.68 -4165.49 -3993.11 -3779.79 -3488.83 -3031.9 -1841.47 -3.7595e-05 1841.47 3031.9 3488.82 3779.79 3993.11 4165.49 4320.68 4248.44 4017.88 3845.27 3716.32 3616.76 3541.73 3378.47 3140.93 2905.47 2610.59 2266.09 1966.4 1739.48 1557.09 1399.41 1263.74 1152.71 1103.92 
-1124.64 -1170.75 -1275.45 -1403.36 -1552.94 -1735.22 -1975.59 -2271.55 -2551.16 -2768.88 -2967.37 -3187.86 -3341.21 -3408.27 -3490.27 -3592.87 -3725.9 -3902.11 -3927.32 -3787.6 -3712.66 -3669.76 -3552.55 -3161.74 -1901.93 -3.35908e-05 1901.93 3161.74 3552.55 3669.76 3712.66 3787.6 3927.32 3902.11 3725.9 3592.87 3490.27 3408.27 3341.21 3187.86 2967.37 2768.88 2551.16 2271.55 1975.59 1735.22 1552.94 1403.36 1275.45 1170.75 1124.64 
-1146.08 -1189.25 -1286.6 -1405.62 -1551.52 -1742.75 -1987.63 -2240.21 -2444.65 -2617.04 -2796.2 -2994.23 -3121.22 -3163.06 -3212.59 -3281.14 -3389.43 -3575.64 -3684.28 -3681.16 -3731.77 -3716.13 -3436.11 -2805.32 -1567.27 -2.8725e-05 1567.27 2805.32 3436.11 3716.13 3731.77 3681.16 3684.28 3575.64 3389.43 3281.14 3212.59 3163.06 3121.22 2994.23 2796.2 2617.04 2444.65 2240.21 1987.63 1742.75 1551.52 1405.62 1286.6 1189.25 1146.08 
-1166.87 -1206.74 -1295.86 -1408.55 -1559.39 -1758.33 -1977.46 -2164.66 -2316.86 -2462.63 -2614.61 -2766.95 -2847.79 -2862.1 -2901.51 -2991.59 -3166.52 -3465.35 -3689.44 -3691.13 -3580.04 -3278.69 -2798.59 -2176.34 -1193.4 -2.40054e-05 1193.4 2176.34 2798.59 3278.69 3580.04 3691.13 3689.44 3465.35 3166.52 2991.59 2901.51 2862.1 2847.79 2766.95 2614.61 2462.63 2316.86 2164.66 1977.46 1758.33 1559.39 1408.55 1295.86 1206.74 1166.87 
-1185.93 -1222.09 -1304.73 -1419.42 -1578.65 -1763.42 -1928.14 -2058.18 -2173.66 -2285.07 -2390.12 -2491.15 -2550.9 -2590.81 -2690.41 -2866.14 -3125.24 -3454.04 -3570.05 -3347.82 -3050.02 -2687.06 -2251.49 -1729.64 -943.351 -1.94255e-05 943.351 1729.64 2251.49 2687.06 3050.02 3347.82 3570.05 3454.04 3125.24 2866.14 2690.41 2590.81 2550.9 2491.15 2390.12 2285.07 2173.66 2058.18 1928.14 1763.42 1578.65 1419.42 1304.73 1222.09 1185.93 
-1206.85 -1239.25 -1320.78 -1443.62 -1594.42 -1732.94 -1838.07 -1923.22 -2000.95 -2073.18 -2147.86 -2245.44 -2346.36 -2457.67 -2619.09 -2810.75 -3002.22 -3178.3 -3134.23 -2844.4 -2548.37 -2224.07 -1848.82 -1402.79 -757.144 -1.51701e-05 757.144 1402.79 1848.82 2224.07 2548.37 2844.4 3134.23 3178.3 3002.22 2810.75 2619.09 2457.67 2346.36 2245.44 2147.86 2073.18 2000.95 1923.22 1838.07 1732.94 1594.42 1443.62 1320.78 1239.25 1206.85 
-1237.88 -1266.92 -1348.88 -1465.77 -1575.11 -1654.32 -1712.05 -1762.52 -1815.27 -1880.78 -1976.14 -2115.33 -2260.04 -2383.09 -2494.18 -2582.74 -2661.87 -2756.81 -2685.56 -2413.65 -2142.2 -1848.42 -1514.77 -1128.48 -600.654 -1.14957e-05 600.654 1128.48 1514.77 1848.42 2142.2 2413.65 2685.56 2756.81 2661.87 2582.74 2494.18 2383.09 2260.04 2115.33 1976.14 1880.78 1815.27 1762.52 1712.05 1654.32 1575.11 1465.77 1348.88 1266.92 1237.88 
-1275.52 -1300.98 -1371.37 -1450.71 -1504.16 -1538.99 -1570.37 -1611.53 -1676.11 -1772.92 -1900.43 -2041.82 -2142.46 -2188.15 -2218.77 -2251.15 -2298.88 -2373.46 -2298.38 -2041.03 -1785.21 -1515.57 -1220.82 -892.121 -468.347 -8.42563e-06 468.347 892.121 1220.82 1515.57 1785.21 2041.03 2298.38 2373.46 2298.88 2251.15 2218.77 2188.15 2142.46 2041.82 1900.43 1772.92 1676.11 1611.53 1570.37 1538.99 1504.16 1450.71 1371.37 1300.98 1275.52 
-1293 -1313.59 -1356.3 -1385.86 -1401.23 -1419.35 -1454.91 -1518.87 -1613.02 -1721.15 -1817.23 -1886.22 -1913.28 -1914.36 -1921.53 -1939.96 -1973.46 -2027.56 -1942.61 -1697.62 -1460.39 -1219.69 -966.761 -693.779 -359.565 -5.88334e-06 359.565 693.779 966.761 1219.69 1460.39 1697.62 1942.61 2027.56 1973.46 1939.96 1921.53 1914.36 1913.28 1886.22 1817.23 1721.15 1613.02 1518.87 1454.91 1419.35 1401.23 1385.86 1356.3 1313.59 1293 
-1268.08 -1283.17 -1299.28 -1297.82 -1304.46 -1334.95 -1395.94 -1480.02 -1564.13 -1622.47 -1651.05 -1665.01 -1663.8 -1654.27 -1651.36 -1655.75 -1670.24 -1700.47 -1607.68 -1381.35 -1168.85 -960.805 -749.667 -528.373 -270.346 -3.82562e-06 270.346 528.373 749.667 960.805 1168.85 1381.35 1607.68 1700.47 1670.24 1655.75 1651.36 1654.27 1663.8 1665.01 1651.05 1622.47 1564.13 1480.02 1395.94 1334.95 1304.46 1297.82 1299.28 1283.17 1268.09 
-1212.02 -1222.23 -1226.22 -1222.69 -1244.41 -1295.97 -1364.05 -1423.54 -1456.63 -1464.42 -1459.45 -1452.31 -1438.38 -1419.19 -1402.76 -1390.38 -1385.05 -1391.95 -1293.28 -1087.87 -901.794 -727.118 -556.99 -384.803 -194.114 -2.21622e-06 194.114 384.803 556.99 727.118 901.794 1087.87 1293.28 1391.95 1385.05 1390.38 1402.76 1419.19 1438.38 1452.31 1459.45 1464.42 1456.63 1423.54 1364.05 1295.97 1244.41 1222.7 1226.23 1222.23 1212.02 
-1161.06 -1167.53 -1170.08 -1180.69 -1212.96 -1257.15 -1294.26 -1312.6 -1314.22 -1304.48 -1287.84 -1266.71 -1240 -1210.27 -1181.48 -1153.51 -1125.51 -1095.06 -959.842 -770.877 -617.157 -484.289 -362.651 -244.97 -121.534 -9.75405e-07 121.534 244.97 362.651 484.289 617.157 770.877 959.842 1095.06 1125.51 1153.5 1181.48 1210.27 1240 1266.71 1287.84 1304.48 1314.22 1312.6 1294.27 1257.16 1212.96 1180.69 1170.09 1167.54 1161.07 
-1179.37 -1179.37 -1179.37 -1179.37 -1179.36 -1179.35 -1179.35 -1179.37 -1179.37 -1176.76 -1154.6 -1110.95 -1063.17 -1013.74 -960.02 -898.649 -825.42 -735.18 -622.242 -519.194 -424.731 -336.665 -252.426 -169.192 -83.4442 -3.16186e-13 83.4442 169.192 252.426 336.665 424.73 519.194 622.242 735.18 825.42 898.649 960.02 1013.74 1063.17 1110.95 1154.6 1176.76 1179.37 1179.37 1179.35 1179.36 1179.38 1179.38 1179.38 1179.38 1179.38 
