-0 0.00306291 0.000424834 -0.00163129 -0.0015196 -0.000513932 0.000239801 0.000476494 0.000427425 0.000336344 -0.000266127 1946.98 -9.09495e-13 9.09495e-13 -9.09495e-13 0 0 2.27374e-13 0 -4.54747e-13 9.09495e-13 0 -3.63798e-12 -7.27596e-12 -7.27596e-12 0 -1.45519e-11 7.27596e-12 0 -1.81899e-12 9.09495e-13 4.54747e-13 0 -2.27374e-13 0 0 9.09495e-13 0 -9.09495e-13 1946.98 -0.000825041 -0.000336344 -0.000427425 -0.000476494 -0.000239801 0.000513932 0.0015196 0.00163129 -0.000424834 -0.00306291 0 
-19.6068 -21.0124 -24.1932 -29.9206 -37.8531 -47.1134 -57.124 -66.6607 -70.5553 -53.6323 -35.6382 791.154 -790.027 -281.26 -130.492 -133.675 -140.057 -139.58 -155.34 -198.091 -273.181 -421.117 -675.133 -701.823 -6057.45 -16756.9 -6057.45 -701.823 -675.133 -421.117 -273.181 -198.091 -155.34 -139.58 -140.057 -133.675 -130.492 -281.26 -790.027 791.153 -35.6387 -53.633 -70.5561 -66.6616 -57.1244 -47.1124 -37.8503 -29.9176 -24.194 -21.0181 -19.6123 
-36.6568 -39.2694 -45.0897 -55.5949 -70.3771 -87.7771 -106.573 -124.609 -133.221 -107.949 -65.1841 279.684 -1145.25 -617.503 -488.281 -524.273 -610.998 -726.026 -906.491 -1194.89 -1664.67 -2523.15 -4181.11 -6843.33 -15704.2 -25673.6 -15704.2 -6843.33 -4181.11 -2523.15 -1664.67 -1194.89 -906.491 -726.026 -610.998 -524.273 -488.281 -617.503 -1145.25 279.684 -65.1845 -107.949 -133.221 -124.61 -106.574 -87.7763 -70.3746 -55.5923 -45.0904 -39.2744 -36.6617 
-51.4493 -55.0927 -63.1276 -77.718 -98.3451 -122.699 -149.086 -174.157 -184.436 -162.996 -208.205 -335.021 -1439.4 -846.991 -717.235 -777.974 -908.523 -1077.52 -1336.59 -1750.13 -2423.08 -3623.57 -5789.9 -9130.92 -19677.9 -31315.4 -19677.9 -9130.92 -5789.9 -3623.57 -2423.08 -1750.13 -1336.59 -1077.52 -908.523 -777.974 -717.235 -846.991 -1439.4 -335.021 -208.206 -162.997 -184.436 -174.157 -149.087 -122.698 -98.343 -77.7158 -63.1282 -55.0971 -51.4535 
-64.256 -68.7713 -78.5969 -96.6219 -122.212 -152.526 -185.468 -216.013 -226.913 -222.522 -385.647 -852.11 -1631.21 -1025.26 -914.195 -1005.45 -1178.07 -1402.53 -1746.34 -2293.8 -3184.27 -4741.91 -7478.77 -11929.8 -22965.5 -32658.6 -22965.5 -11929.8 -7478.77 -4741.91 -3184.27 -2293.8 -1746.34 -1402.53 -1178.07 -1005.45 -914.195 -1025.26 -1631.21 -852.11 -385.647 -222.523 -226.914 -216.013 -185.468 -152.525 -122.21 -96.62 -78.5975 -68.7751 -64.2596 
-75.3447 -80.605 -91.8671 -112.759 -142.595 -178.048 -216.565 -250.844 -264.679 -302.966 -613.858 -1279.95 -1720.89 -1147.19 -1072.68 -1194.43 -1400.05 -1668.53 -2079.91 -2729.55 -3773.77 -5541.15 -8530.68 -13420.4 -23828.1 -32075.1 -23828.1 -13420.4 -8530.68 -5541.15 -3773.77 -2729.55 -2079.91 -1668.53 -1400.05 -1194.43 -1072.68 -1147.19 -1720.89 -1279.95 -613.859 -302.966 -264.68 -250.845 -216.565 -178.047 -142.593 -112.757 -91.8678 -80.6083 -75.348 
-84.9758 -90.8133 -103.275 -126.607 -159.996 -199.959 -243.1 -279.589 -302.681 -409.56 -875.957 -1605.68 -1724.16 -1223.72 -1197.49 -1347.75 -1578.66 -1882.05 -2346.93 -3073.85 -4222.85 -6109.39 -9245.15 -14424.5 -23634.5 -29850.6 -23634.5 -14424.5 -9245.15 -6109.39 -4222.85 -3073.85 -2346.93 -1882.05 -1578.66 -1347.75 -1197.49 -1223.72 -1724.16 -1605.68 -875.957 -409.56 -302.681 -279.589 -243.1 -199.958 -159.995 -126.606 -103.275 -90.8161 -84.9786 
-93.3053 -99.6405 -113.093 -138.401 -174.836 -218.68 -265.133 -303.31 -347.222 -548.514 -1153.35 -1800.29 -1660.36 -1269.08 -1294.39 -1466.82 -1713.25 -2040.59 -2544.62 -3323.6 -4529.72 -6452.49 -9598.5 -14698.3 -22348 -26891.5 -22348 -14698.3 -9598.5 -6452.49 -4529.72 -3323.6 -2544.62 -2040.59 -1713.25 -1466.82 -1294.39 -1269.08 -1660.36 -1800.29 -1153.35 -548.514 -347.222 -303.31 -265.133 -218.68 -174.835 -138.4 -113.094 -99.643 -93.3077 
-100.483 -107.201 -121.465 -148.338 -187.336 -234.259 -282.279 -323.833 -406.436 -726.21 -1415.58 -1843.28 -1553.39 -1290.05 -1361.22 -1547.41 -1803.82 -2152.83 -2688.6 -3494.33 -4701.1 -6573.46 -9614.22 -14369.9 -20413.1 -23535.1 -20413.1 -14369.9 -9614.22 -6573.46 -4701.1 -3494.33 -2688.6 -2152.83 -1803.82 -1547.41 -1361.22 -1290.05 -1553.39 -1843.28 -1415.58 -726.21 -406.437 -323.833 -282.279 -234.259 -187.335 -148.337 -121.466 -107.203 -100.485 
-106.596 -113.59 -128.473 -156.539 -197.5 -246.311 -294.591 -345.696 -492.334 -941.507 -1600.45 -1741.73 -1430.33 -1294.53 -1404.07 -1600.55 -1865.02 -2225.52 -2762.01 -3539.45 -4684.59 -6478.71 -9402.28 -13685 -18283 -20377.6 -18283 -13685 -9402.28 -6478.71 -4684.59 -3539.45 -2762.01 -2225.52 -1865.02 -1600.55 -1404.07 -1294.53 -1430.33 -1741.73 -1600.45 -941.507 -492.334 -345.696 -294.591 -246.31 -197.499 -156.539 -128.474 -113.592 -106.598 
-111.667 -118.85 -134.207 -163.03 -205.29 -254.797 -302.762 -376.86 -619.357 -1165.17 -1639.62 -1555.63 -1322.83 -1295.4 -1426.69 -1617.45 -1868.53 -2211.86 -2724.26 -3476.3 -4612.25 -6389.73 -9110.13 -12625.8 -15815.4 -17117.9 -15815.4 -12625.8 -9110.13 -6389.73 -4612.25 -3476.3 -2724.26 -2211.86 -1868.53 -1617.45 -1426.69 -1295.4 -1322.83 -1555.63 -1639.62 -1165.17 -619.357 -376.86 -302.762 -254.796 -205.29 -163.03 -134.207 -118.851 -111.668 
-115.782 -123.052 -138.653 -167.927 -211.062 -258.587 -308.657 -434.638 -795.085 -1324.2 -1524.01 -1357.95 -1234.81 -1270.52 -1393.48 -1563.19 -1804.54 -2158.33 -2694.59 -3461.45 -4547.84 -6084.17 -8207.21 -10733.5 -12870.6 -13696.3 -12870.6 -10733.5 -8207.21 -6084.17 -4547.84 -3461.45 -2694.59 -2158.33 -1804.54 -1563.19 -1393.48 -1270.52 -1234.81 -1357.95 -1524.01 -1324.2 -795.085 -434.638 -308.657 -258.587 -211.062 -167.926 -138.654 -123.053 -115.783 
-118.86 -126.11 -141.949 -171.824 -213.341 -255.449 -326.53 -545.173 -978.384 -1328.66 -1309.16 -1171.4 -1134.19 -1197.17 -1319.22 -1504.56 -1781.46 -2163.62 -2664.83 -3274.92 -4057.37 -5236.44 -7173.81 -9770.01 -11954.2 -12768.1 -11954.2 -9770.01 -7173.81 -5236.44 -4057.37 -3274.92 -2664.83 -2163.62 -1781.46 -1504.56 -1319.22 -1197.17 -1134.19 -1171.4 -1309.16 -1328.66 -978.383 -545.173 -326.53 -255.449 -213.34 -171.824 -141.95 -126.111 -118.861 
-120.845 -127.995 -144.592 -173.552 -208.356 -254.546 -385.79 -695.632 -1058.06 -1164.23 -1072.06 -1009.52 -1040.47 -1138.3 -1287.96 -1492.32 -1742.5 -2009.9 -2308.01 -2725.67 -3554.05 -5252.71 -8060.82 -11311.3 -13665.3 -14477.9 -13665.3 -11311.3 -8060.82 -5252.71 -3554.05 -2725.67 -2308.01 -2009.9 -1742.5 -1492.32 -1287.96 -1138.3 -1040.47 -1009.52 -1072.06 -1164.23 -1058.06 -695.632 -385.79 -254.546 -208.356 -173.552 -144.593 -127.996 -120.846 
-122.189 -129.143 -146.107 -169.489 -200.377 -280.67 -489.827 -795.92 -969.536 -942.98 -893.4 -912.929 -993.438 -1102.69 -1222.09 -1337.68 -1448.55 -1602 -1948.01 -2707.09 -4206.05 -6664.06 -9750.29 -12343.5 -13741.6 -14171.1 -13741.6 -12343.5 -9750.29 -6664.06 -4206.05 -2707.09 -1948.01 -1602 -1448.55 -1337.68 -1222.09 -1102.69 -993.438 -912.929 -893.4 -942.98 -969.536 -795.92 -489.827 -280.67 -200.377 -169.49 -146.108 -129.143 -122.19 
-122.897 -129.572 -143.17 -159.706 -207.237 -345.943 -582.687 -772.981 -804.257 -778.649 -792.409 -845.182 -903.645 -943.075 -968.163 -1019.06 -1180.34 -1569.1 -2317.74 -3550.83 -5354.38 -7385.23 -8972.43 -9892.26 -10373.3 -10536.6 -10373.3 -9892.26 -8972.43 -7385.23 -5354.38 -3550.83 -2317.74 -1569.1 -1180.34 -1019.06 -968.163 -943.075 -903.645 -845.182 -792.409 -778.649 -804.257 -772.98 -582.687 -345.943 -207.237 -159.706 -143.17 -129.572 -122.897 
-118.606 -124.857 -132.395 -156.626 -246.867 -424.284 -601.355 -667.041 -659.947 -660.738 -678.6 -687.088 -680.075 -683.024 -753.847 -969.438 -1402.72 -2096.36 -3039.46 -4139.95 -5207.64 -6047.32 -6679.26 -7141.27 -7433.17 -7533.33 -7433.17 -7141.27 -6679.26 -6047.32 -5207.64 -4139.95 -3039.46 -2096.36 -1402.72 -969.438 -753.847 -683.024 -680.075 -687.088 -678.6 -660.738 -659.947 -667.041 -601.354 -424.284 -246.868 -156.627 -132.395 -124.857 -118.605 
-104.668 -110.4 -124.562 -183.205 -312.819 -462.613 -537.333 -536.692 -520.135 -505.814 -486.164 -470.44 -497.564 -614.52 -867.719 -1284.91 -1853.27 -2491.66 -3091.1 -3616.39 -4097.61 -4551.96 -4968.16 -5292.29 -5493.33 -5560.37 -5493.33 -5292.29 -4968.16 -4551.96 -4097.61 -3616.39 -3091.1 -2491.66 -1853.27 -1284.91 -867.719 -614.52 -497.564 -470.44 -486.164 -505.814 -520.135 -536.692 -537.333 -462.613 -312.82 -183.205 -124.562 -110.399 -104.667 
-96.0659 -101.219 -145.751 -241.113 -355.822 -419.719 -414.731 -382.935 -349.8 -324.348 -326.313 -387.884 -539.044 -791.095 -1137.01 -1533.51 -1914.9 -2242.08 -2537.02 -2833.42 -3150.13 -3469.04 -3752.8 -3963.08 -4089.68 -4131.21 -4089.68 -3963.08 -3752.8 -3469.04 -3150.13 -2833.42 -2537.02 -2242.08 -1914.9 -1533.51 -1137.01 -791.095 -539.044 -387.884 -326.313 -324.348 -349.8 -382.935 -414.731 -419.719 -355.823 -241.114 -145.751 -101.218 -96.0649 
-117.946 -122.664 -194.033 -277.872 -318.403 -302.659 -261.582 -223.33 -206.207 -231.038 -318.402 -476.567 -694.59 -942.305 -1186.14 -1405.42 -1604.9 -1796.69 -1996.21 -2205.68 -2423.84 -2631.08 -2805.72 -2931.35 -3006.61 -3031.16 -3006.61 -2931.35 -2805.72 -2631.08 -2423.84 -2205.68 -1996.21 -1796.69 -1604.9 -1405.42 -1186.14 -942.305 -694.59 -476.567 -318.402 -231.038 -206.207 -223.33 -261.582 -302.659 -318.403 -277.872 -194.033 -122.662 -117.944 
-156.534 -160.623 -213.444 -234.7 -208.114 -163.341 -128.688 -123.913 -165.21 -260.458 -402.196 -566.798 -726.736 -870.326 -1004.47 -1137.87 -1274.82 -1412.89 -1553.22 -1691.79 -1828.51 -1953.03 -2055.61 -2129.22 -2173.7 -2188.24 -2173.7 -2129.22 -2055.61 -1953.03 -1828.51 -1691.79 -1553.22 -1412.89 -1274.82 -1137.87 -1004.47 -870.326 -726.736 -566.798 -402.196 -260.458 -165.21 -123.913 -128.688 -163.341 -208.114 -234.7 -213.443 -160.621 -156.532 
-157.413 -160.467 -160.919 -131.894 -90.5763 -62.7967 -67.6806 -115.102 -202.442 -313.261 -424.37 -522.41 -611.477 -700.321 -794.06 -891.941 -990.069 -1083.51 -1173.82 -1258.82 -1340.48 -1413.74 -1473.86 -1517.24 -1543.7 -1552.34 -1543.7 -1517.24 -1473.86 -1413.74 -1340.48 -1258.82 -1173.82 -1083.51 -990.069 -891.941 -794.06 -700.321 -611.477 -522.41 -424.37 -313.261 -202.442 -115.103 -67.6809 -62.7971 -90.5765 -131.894 -160.918 -160.464 -157.41 
-101.238 -103.443 -71.4793 -37.6961 -20.1522 -30.2874 -73.7929 -142.937 -219.553 -288.329 -348.196 -406.466 -468.738 -535.296 -604.3 -672.647 -737.35 -796.118 -851.73 -902.573 -950.798 -993.702 -1028.83 -1054.3 -1069.93 -1075.03 -1069.93 -1054.3 -1028.83 -993.702 -950.798 -902.573 -851.73 -796.118 -737.35 -672.647 -604.3 -535.296 -468.738 -406.466 -348.196 -288.329 -219.553 -142.937 -73.7932 -30.2876 -20.152 -37.695 -71.4773 -103.441 -101.235 
-26.8579 -28.6635 -0.867873 9.35709 -4.9459 -39.8509 -86.6022 -132.234 -170.606 -205.95 -244.102 -287.322 -334.449 -382.8 -430.343 -475.269 -516.269 -552.47 -586.416 -616.591 -644.831 -669.711 -689.995 -704.749 -713.799 -716.776 -713.799 -704.749 -689.995 -669.711 -644.831 -616.591 -586.416 -552.47 -516.269 -475.269 -430.343 -382.8 -334.449 -287.322 -244.102 -205.95 -170.606 -132.234 -86.6023 -39.8506 -4.9447 9.35921 -0.865278 -28.6612 -26.8555 
41.6315 39.9102 38.4915 21.0921 -7.5082 -36.8455 -59.345 -75.6605 -91.6688 -111.577 -137.618 -170.392 -205.869 -240.805 -273.638 -303.43 -329.63 -351.959 -372.45 -390.402 -407.015 -421.421 -433.022 -441.435 -446.558 -448.259 -446.558 -441.435 -433.022 -421.421 -407.015 -390.402 -372.45 -351.959 -329.63 -303.43 -273.638 -240.805 -205.869 -170.392 -137.618 -111.577 -91.669 -75.6607 -59.3449 -36.8444 -7.50594 21.0954 38.495 39.9129 41.6342 
-0 -0 -0 -0 -0 -0 -0 -0 -0 -3.30455 -31.5024 -79.1251 -123.182 -161.428 -195.114 -225.006 -251.591 -275.156 -295.79 -313.2 -327.707 -339.476 -348.589 -355.081 -358.974 -360.27 -358.974 -355.081 -348.589 -339.476 -327.707 -313.2 -295.79 -275.156 -251.591 -225.006 -195.114 -161.428 -123.182 -79.1251 -31.5024 -3.30455 0 0 0 0 0 0 0 0 0 
