1.225 1.22613 1.22709 1.22595 1.2249 1.22556 1.22594 1.22573 1.2261 1.22609 1.22763 1.23942 1.22201 1.2252 1.21839 1.21501 1.21161 1.20837 1.20544 1.20291 1.20108 1.2 1.20015 1.20336 1.23774 1.27376 1.23774 1.20336 1.20015 1.2 1.20108 1.20291 1.20544 1.20837 1.21161 1.21501 1.21839 1.2252 1.22201 1.23942 1.22763 1.22609 1.2261 1.22573 1.22594 1.22556 1.2249 1.22595 1.22709 1.22613 1.225 
1.22613 1.22614 1.22708 1.22593 1.2249 1.22556 1.22594 1.22573 1.22611 1.22609 1.22763 1.23942 1.22201 1.2252 1.21839 1.21501 1.21161 1.20837 1.20544 1.20291 1.20108 1.2 1.20015 1.20336 1.23774 1.27376 1.23774 1.20336 1.20015 1.2 1.20108 1.20291 1.20544 1.20837 1.21161 1.21501 1.21839 1.2252 1.22201 1.23942 1.22763 1.22609 1.22611 1.22573 1.22594 1.22556 1.2249 1.22593 1.22708 1.22614 1.22613 
1.22612 1.22613 1.22709 1.22596 1.22491 1.22555 1.22593 1.22573 1.2261 1.22613 1.22792 1.23687 1.22257 1.22478 1.21844 1.2152 1.2119 1.2088 1.20607 1.20381 1.20235 1.20188 1.20341 1.2105 1.24484 1.27383 1.24484 1.2105 1.20341 1.20188 1.20235 1.20381 1.20607 1.2088 1.2119 1.2152 1.21844 1.22478 1.22257 1.23687 1.22792 1.22613 1.2261 1.22573 1.22593 1.22555 1.22491 1.22596 1.22709 1.22613 1.22612 
1.22611 1.22612 1.22709 1.22597 1.22491 1.22555 1.22594 1.22575 1.22611 1.22618 1.2281 1.23533 1.22292 1.22442 1.21849 1.21536 1.21215 1.20919 1.20665 1.20465 1.20357 1.20375 1.20667 1.21688 1.25082 1.27891 1.25082 1.21688 1.20667 1.20375 1.20357 1.20465 1.20665 1.20919 1.21215 1.21536 1.21849 1.22442 1.22292 1.23533 1.2281 1.22618 1.22611 1.22575 1.22594 1.22555 1.22491 1.22597 1.22709 1.22612 1.22611 
1.22611 1.22611 1.22709 1.22598 1.22491 1.22554 1.22595 1.22578 1.22613 1.22626 1.2282 1.23365 1.22326 1.22405 1.21856 1.21558 1.21248 1.2097 1.20738 1.2057 1.20506 1.206 1.21057 1.22384 1.25555 1.27643 1.25555 1.22384 1.21057 1.206 1.20506 1.2057 1.20738 1.2097 1.21248 1.21558 1.21856 1.22405 1.22326 1.23365 1.2282 1.22626 1.22613 1.22578 1.22595 1.22554 1.22491 1.22598 1.22709 1.22611 1.22611 
1.2261 1.22611 1.22709 1.226 1.22492 1.22553 1.22597 1.22582 1.22615 1.22634 1.2282 1.23207 1.22354 1.22365 1.21865 1.21581 1.21285 1.21027 1.20821 1.20685 1.20668 1.20838 1.21449 1.22959 1.25718 1.274 1.25718 1.22959 1.21449 1.20838 1.20668 1.20685 1.20821 1.21027 1.21285 1.21581 1.21865 1.22365 1.22354 1.23207 1.2282 1.22634 1.22615 1.22582 1.22597 1.22553 1.22492 1.226 1.22709 1.22611 1.2261 
1.22609 1.2261 1.2271 1.22602 1.22492 1.22552 1.22598 1.22585 1.22615 1.22639 1.22807 1.2306 1.22372 1.22327 1.21875 1.21606 1.21327 1.2109 1.2091 1.20808 1.20836 1.21078 1.2182 1.23398 1.25684 1.26927 1.25684 1.23398 1.2182 1.21078 1.20836 1.20808 1.2091 1.2109 1.21327 1.21606 1.21875 1.22327 1.22372 1.2306 1.22807 1.22639 1.22615 1.22585 1.22598 1.22552 1.22492 1.22602 1.2271 1.2261 1.22609 
1.22607 1.22608 1.2271 1.22605 1.22493 1.2255 1.22598 1.22586 1.22612 1.22639 1.22782 1.22926 1.2238 1.2229 1.21887 1.21633 1.21373 1.2116 1.21008 1.2094 1.21014 1.21328 1.22174 1.23716 1.25533 1.26497 1.25533 1.23716 1.22174 1.21328 1.21014 1.2094 1.21008 1.2116 1.21373 1.21633 1.21887 1.2229 1.2238 1.22926 1.22782 1.22639 1.22612 1.22586 1.22598 1.2255 1.22493 1.22605 1.2271 1.22608 1.22607 
1.22606 1.22606 1.2271 1.22608 1.22494 1.22548 1.22598 1.22584 1.22606 1.22634 1.22747 1.22808 1.22381 1.22256 1.21902 1.21665 1.21427 1.21241 1.21119 1.21088 1.2121 1.21594 1.22505 1.23921 1.25305 1.26029 1.25305 1.23921 1.22505 1.21594 1.2121 1.21088 1.21119 1.21241 1.21427 1.21665 1.21902 1.22256 1.22381 1.22808 1.22747 1.22634 1.22606 1.22584 1.22598 1.22548 1.22494 1.22608 1.2271 1.22606 1.22606 
1.22604 1.22604 1.2271 1.22612 1.22495 1.22544 1.22596 1.22581 1.22596 1.22624 1.22704 1.22706 1.22375 1.22229 1.2192 1.21702 1.2149 1.21334 1.21245 1.21254 1.21424 1.21869 1.22792 1.24011 1.25024 1.2557 1.25024 1.24011 1.22792 1.21869 1.21424 1.21254 1.21245 1.21334 1.2149 1.21702 1.2192 1.22229 1.22375 1.22706 1.22704 1.22624 1.22596 1.22581 1.22596 1.22544 1.22495 1.22612 1.2271 1.22604 1.22604 
1.22601 1.22602 1.2271 1.22617 1.22496 1.2254 1.22593 1.22576 1.22585 1.22609 1.22659 1.22622 1.22365 1.22209 1.21945 1.21748 1.21565 1.21442 1.21388 1.21436 1.2165 1.22134 1.23008 1.23993 1.24713 1.25116 1.24713 1.23993 1.23008 1.22134 1.2165 1.21436 1.21388 1.21442 1.21565 1.21748 1.21945 1.22209 1.22365 1.22622 1.22659 1.22609 1.22585 1.22576 1.22593 1.2254 1.22496 1.22617 1.2271 1.22602 1.22601 
1.22597 1.22598 1.2271 1.22622 1.22497 1.22535 1.22589 1.22571 1.22571 1.22591 1.22614 1.22553 1.22353 1.22198 1.21975 1.21803 1.21652 1.21562 1.21542 1.21627 1.21875 1.22365 1.23138 1.23892 1.24394 1.24686 1.24394 1.23892 1.23138 1.22365 1.21875 1.21627 1.21542 1.21562 1.21652 1.21803 1.21975 1.22198 1.22353 1.22553 1.22614 1.22591 1.22571 1.22571 1.22589 1.22535 1.22497 1.22622 1.2271 1.22598 1.22597 
1.22593 1.22594 1.22709 1.22629 1.225 1.22528 1.22584 1.22564 1.22556 1.2257 1.2257 1.22499 1.22341 1.22196 1.22012 1.21866 1.21749 1.21693 1.21705 1.21818 1.22084 1.22546 1.23187 1.23738 1.24083 1.24289 1.24083 1.23738 1.23187 1.22546 1.22084 1.21818 1.21705 1.21693 1.21749 1.21866 1.22012 1.22196 1.22341 1.22499 1.2257 1.2257 1.22556 1.22564 1.22584 1.22528 1.225 1.22629 1.22709 1.22594 1.22593 
1.22587 1.22588 1.22708 1.22638 1.22503 1.22521 1.22579 1.22559 1.22542 1.22549 1.22533 1.2246 1.22334 1.22205 1.22057 1.21939 1.21855 1.2183 1.21868 1.22 1.22262 1.22668 1.23168 1.23556 1.23792 1.23933 1.23792 1.23556 1.23168 1.22668 1.22262 1.22 1.21868 1.2183 1.21855 1.21939 1.22057 1.22205 1.22334 1.2246 1.22533 1.22549 1.22542 1.22559 1.22579 1.22521 1.22503 1.22638 1.22708 1.22588 1.22587 
1.22579 1.2258 1.22706 1.22648 1.22506 1.2251 1.22571 1.22554 1.22527 1.22527 1.22502 1.22432 1.2233 1.2222 1.22105 1.22016 1.21963 1.21964 1.22021 1.22159 1.22398 1.2273 1.231 1.23367 1.23527 1.2362 1.23527 1.23367 1.231 1.2273 1.22398 1.22159 1.22021 1.21964 1.21963 1.22016 1.22105 1.2222 1.2233 1.22432 1.22502 1.22527 1.22527 1.22554 1.22571 1.2251 1.22506 1.22648 1.22706 1.2258 1.22579 
1.22567 1.22568 1.22703 1.22664 1.22517 1.22499 1.22558 1.22545 1.22512 1.22503 1.22473 1.22409 1.22329 1.22242 1.22158 1.22099 1.22075 1.22096 1.22164 1.22295 1.22497 1.22753 1.23015 1.23195 1.23302 1.23363 1.23302 1.23195 1.23015 1.22753 1.22497 1.22295 1.22164 1.22096 1.22075 1.22099 1.22158 1.22242 1.22329 1.22409 1.22473 1.22503 1.22512 1.22545 1.22558 1.22499 1.22517 1.22664 1.22703 1.22568 1.22567 
1.2255 1.22551 1.22692 1.22677 1.22533 1.22499 1.22557 1.22548 1.22506 1.22497 1.22472 1.22416 1.22355 1.22291 1.22233 1.22196 1.2219 1.2222 1.22285 1.22396 1.22554 1.22737 1.22915 1.23034 1.23104 1.23143 1.23104 1.23034 1.22915 1.22737 1.22554 1.22396 1.22285 1.2222 1.2219 1.22196 1.22233 1.22291 1.22355 1.22416 1.22472 1.22497 1.22506 1.22548 1.22557 1.22499 1.22533 1.22677 1.22692 1.22551 1.2255 
1.22529 1.2253 1.2268 1.22689 1.22536 1.22473 1.22541 1.22553 1.22494 1.22469 1.22455 1.22411 1.22359 1.2231 1.22268 1.22244 1.22247 1.22278 1.22334 1.22423 1.22538 1.22665 1.22782 1.22859 1.22904 1.22929 1.22904 1.22859 1.22782 1.22665 1.22538 1.22423 1.22334 1.22278 1.22247 1.22244 1.22268 1.2231 1.22359 1.22411 1.22455 1.22469 1.22494 1.22553 1.22541 1.22473 1.22536 1.22689 1.2268 1.2253 1.22529 
1.22495 1.22497 1.22667 1.22734 1.22582 1.22443 1.2248 1.2254 1.22498 1.22438 1.22414 1.22385 1.22345 1.22313 1.22295 1.22295 1.22318 1.2236 1.22417 1.22494 1.22583 1.22675 1.22756 1.22808 1.22839 1.22855 1.22839 1.22808 1.22756 1.22675 1.22583 1.22494 1.22417 1.2236 1.22318 1.22295 1.22295 1.22313 1.22345 1.22385 1.22414 1.22438 1.22498 1.2254 1.2248 1.22443 1.22582 1.22734 1.22667 1.22497 1.22495 
1.22424 1.22426 1.226 1.22766 1.22708 1.22525 1.22458 1.22521 1.22553 1.2252 1.22493 1.22483 1.2247 1.22461 1.22465 1.22482 1.22511 1.22548 1.22591 1.22644 1.22701 1.22756 1.22804 1.22836 1.22855 1.22865 1.22855 1.22836 1.22804 1.22756 1.22701 1.22644 1.22591 1.22548 1.22511 1.22482 1.22465 1.22461 1.2247 1.22483 1.22493 1.2252 1.22553 1.22521 1.22458 1.22525 1.22708 1.22766 1.226 1.22426 1.22424 
1.2234 1.22341 1.22455 1.22663 1.22754 1.22658 1.2252 1.22484 1.22512 1.22516 1.22495 1.22477 1.2246 1.22441 1.22424 1.22411 1.22402 1.22398 1.22399 1.22403 1.22409 1.22417 1.22425 1.22431 1.22434 1.22437 1.22434 1.22431 1.22425 1.22417 1.22409 1.22403 1.22399 1.22398 1.22402 1.22411 1.22424 1.22441 1.2246 1.22477 1.22495 1.22516 1.22512 1.22484 1.2252 1.22658 1.22754 1.22663 1.22455 1.22341 1.2234 
1.22316 1.22316 1.22336 1.22467 1.22613 1.22653 1.22579 1.22484 1.22429 1.22395 1.22354 1.22309 1.22267 1.2223 1.22198 1.22174 1.22157 1.22147 1.22141 1.22139 1.22141 1.22144 1.22149 1.22151 1.22153 1.22155 1.22153 1.22151 1.22149 1.22144 1.22141 1.22139 1.22141 1.22147 1.22157 1.22174 1.22198 1.2223 1.22267 1.22309 1.22354 1.22395 1.22429 1.22484 1.22579 1.22653 1.22613 1.22467 1.22336 1.22316 1.22316 
1.2237 1.22369 1.22336 1.22364 1.22449 1.22534 1.22563 1.22539 1.225 1.2247 1.2245 1.22437 1.22432 1.22438 1.22453 1.22476 1.22505 1.22535 1.22566 1.226 1.22635 1.22668 1.22696 1.22717 1.2273 1.22734 1.2273 1.22717 1.22696 1.22668 1.22635 1.226 1.22566 1.22535 1.22505 1.22476 1.22453 1.22438 1.22432 1.22437 1.2245 1.2247 1.225 1.22539 1.22563 1.22534 1.22449 1.22364 1.22336 1.22369 1.2237 
1.22442 1.22441 1.22411 1.22395 1.22413 1.2246 1.22512 1.22549 1.22572 1.22591 1.22614 1.2264 1.2267 1.22703 1.22737 1.22771 1.22803 1.2283 1.22856 1.22883 1.22906 1.22927 1.22944 1.22956 1.22963 1.22966 1.22963 1.22956 1.22944 1.22927 1.22906 1.22883 1.22856 1.2283 1.22803 1.22771 1.22737 1.22703 1.2267 1.2264 1.22614 1.22591 1.22572 1.22549 1.22512 1.2246 1.22413 1.22395 1.22411 1.22441 1.22442 
1.22482 1.22482 1.22469 1.22455 1.22451 1.22464 1.22491 1.22522 1.2255 1.22573 1.22592 1.22608 1.22622 1.22634 1.22645 1.22654 1.2266 1.22665 1.22667 1.22668 1.22668 1.22668 1.22667 1.22667 1.22667 1.22666 1.22667 1.22667 1.22667 1.22668 1.22668 1.22668 1.22667 1.22665 1.2266 1.22654 1.22645 1.22634 1.22622 1.22608 1.22592 1.22573 1.2255 1.22522 1.22491 1.22464 1.22451 1.22455 1.22469 1.22482 1.22482 
1.225 1.225 1.225 1.225 1.225 1.225 1.225 1.225 1.225 1.225 1.225 1.225 1.225 1.225 1.225 1.225 1.225 1.225 1.225 1.225 1.225 1.225 1.225 1.225 1.225 1.225 1.225 1.225 1.225 1.225 1.225 1.225 1.225 1.225 1.225 1.225 1.225 1.225 1.225 1.225 1.225 1.225 1.225 1.225 1.225 1.225 1.225 1.225 1.225 1.225 1.225 
