125.058 125.227 125.702 125.212 124.635 124.717 124.557 123.867 123.164 122.362 120.363 114.892 114.625 124.179 127.046 130.48 133.538 136.384 138.295 138.565 137.219 133.146 123.871 104.713 57.2992 0 57.2992 104.713 123.871 133.146 137.219 138.565 138.295 136.384 133.538 130.48 127.046 124.179 114.625 114.892 120.363 122.362 123.164 123.867 124.557 124.717 124.635 125.212 125.702 125.227 125.058 
125.227 125.23 125.7 125.207 124.634 124.719 124.555 123.865 123.163 122.361 120.361 115.364 115.506 125.066 127.897 131.294 134.287 136.926 138.754 139.301 138.295 134.641 125.836 105.626 60.2751 11.1951 60.2751 105.626 125.836 134.641 138.295 139.301 138.754 136.926 134.287 131.294 127.897 125.066 115.506 115.364 120.361 122.361 123.163 123.865 124.555 124.719 124.634 125.207 125.7 125.23 125.227 
125.23 125.234 125.703 125.206 124.63 124.715 124.555 123.874 123.185 122.389 120.403 115.986 116.902 125.927 128.791 132.156 135.085 137.611 139.472 140.322 139.702 136.504 128.107 107.731 64.0768 20.2787 64.0768 107.731 128.107 136.504 139.702 140.322 139.472 137.611 135.085 132.156 128.791 125.927 116.902 115.986 120.403 122.389 123.185 123.874 124.555 124.715 124.63 125.206 125.703 125.234 125.23 
125.234 125.238 125.708 125.207 124.624 124.708 124.561 123.908 123.258 122.504 120.675 117.135 118.623 126.75 129.633 132.972 135.844 138.335 140.261 141.296 140.881 137.816 129.244 108.346 66.8522 31.8788 66.8522 108.346 129.244 137.816 140.881 141.296 140.261 138.335 135.844 132.972 129.633 126.75 118.623 117.135 120.675 122.504 123.258 123.908 124.561 124.708 124.624 125.207 125.708 125.238 125.234 
125.235 125.239 125.713 125.214 124.619 124.698 124.577 123.973 123.39 122.733 121.172 118.519 120.364 127.427 130.311 133.626 136.443 138.903 140.826 141.861 141.393 138.12 129.071 107.954 69.8025 41.9363 69.8025 107.954 129.071 138.12 141.393 141.861 140.826 138.903 136.443 133.626 130.311 127.427 120.364 118.519 121.172 122.733 123.39 123.973 124.577 124.698 124.619 125.214 125.713 125.239 125.235 
125.233 125.236 125.716 125.222 124.618 124.692 124.604 124.064 123.567 123.032 121.765 119.871 121.86 127.879 130.749 134.008 136.737 139.1 140.891 141.735 140.987 137.284 127.686 106.778 73.1431 52.5352 73.1431 106.778 127.686 137.284 140.987 141.735 140.891 139.1 136.737 134.008 130.749 127.879 121.86 119.871 121.765 123.032 123.567 124.064 124.604 124.692 124.618 125.222 125.716 125.236 125.233 
125.229 125.232 125.717 125.232 124.621 124.693 124.642 124.168 123.754 123.328 122.31 121.015 123.019 128.102 130.931 134.076 136.663 138.846 140.393 140.924 139.783 135.592 125.575 105.517 77.183 62.0523 77.183 105.517 125.575 135.592 139.783 140.924 140.393 138.846 136.663 134.076 130.931 128.102 123.019 121.015 122.31 123.328 123.754 124.168 124.642 124.693 124.621 125.232 125.717 125.232 125.229 
125.224 125.228 125.717 125.245 124.629 124.7 124.688 124.269 123.918 123.569 122.75 121.929 123.887 128.162 130.908 133.872 136.269 138.217 139.466 139.649 138.101 133.468 123.251 104.67 81.8633 71.1862 81.8633 104.67 123.251 133.468 138.101 139.649 139.466 138.217 136.269 133.872 130.908 128.162 123.887 121.929 122.75 123.569 123.918 124.269 124.688 124.7 124.629 125.245 125.717 125.228 125.224 
125.219 125.223 125.719 125.262 124.643 124.713 124.735 124.36 124.049 123.757 123.118 122.692 124.568 128.153 130.766 133.497 135.676 137.365 138.307 138.147 136.217 131.212 121.055 104.51 86.9371 79.4814 86.9371 104.51 121.055 131.212 136.217 138.147 138.307 137.365 135.676 133.497 130.766 128.153 124.568 122.692 123.118 123.757 124.049 124.36 124.735 124.713 124.643 125.262 125.719 125.223 125.219 
125.214 125.217 125.723 125.285 124.662 124.728 124.781 124.442 124.162 123.93 123.476 123.383 125.149 128.148 130.58 133.046 134.988 136.41 137.044 136.549 134.261 128.984 119.214 105.132 92.1443 87.0439 92.1443 105.132 119.214 128.984 134.261 136.549 137.044 136.41 134.988 133.046 130.58 128.148 125.149 123.383 123.476 123.93 124.162 124.442 124.781 124.728 124.662 125.285 125.723 125.217 125.214 
125.206 125.21 125.726 125.315 124.688 124.745 124.827 124.523 124.279 124.124 123.863 124.04 125.669 128.174 130.386 132.562 134.249 135.385 135.704 134.88 132.28 126.9 117.899 106.489 97.2301 93.7796 97.2301 106.489 117.899 126.9 132.28 134.88 135.704 135.385 134.249 132.562 130.386 128.174 125.669 124.04 123.863 124.124 124.279 124.523 124.827 124.745 124.688 125.315 125.726 125.21 125.206 
125.196 125.2 125.731 125.351 124.721 124.763 124.875 124.613 124.413 124.349 124.272 124.649 126.124 128.211 130.171 132.038 133.444 134.271 134.272 133.148 130.331 125.09 117.217 108.418 102.007 99.7021 102.007 108.418 117.217 125.09 130.331 133.148 134.272 134.271 133.444 132.038 130.171 128.211 126.124 124.649 124.272 124.349 124.413 124.613 124.875 124.763 124.721 125.351 125.731 125.2 125.196 
125.183 125.187 125.735 125.396 124.761 124.782 124.927 124.716 124.563 124.59 124.673 125.177 126.486 128.216 129.9 131.443 132.544 133.055 132.757 131.398 128.516 123.684 117.173 110.689 106.345 104.822 106.345 110.689 117.173 123.684 128.516 131.398 132.757 133.055 132.544 131.443 129.9 128.216 126.486 125.177 124.673 124.59 124.563 124.716 124.927 124.782 124.761 125.396 125.735 125.187 125.183 
125.166 125.17 125.737 125.45 124.812 124.804 124.986 124.833 124.723 124.828 125.034 125.597 126.734 128.152 129.545 130.759 131.549 131.757 131.213 129.722 126.955 122.762 117.669 113.072 110.174 109.178 110.174 113.072 117.669 122.762 126.955 129.722 131.213 131.757 131.549 130.759 129.545 128.152 126.734 125.597 125.034 124.828 124.723 124.833 124.986 124.804 124.812 125.45 125.737 125.17 125.166 
125.142 125.147 125.738 125.514 124.873 124.824 125.044 124.958 124.881 125.043 125.332 125.9 126.861 128.001 129.101 129.997 130.488 130.435 129.724 128.223 125.74 122.321 118.54 115.383 113.471 112.825 113.471 115.383 118.54 122.321 125.74 128.223 129.724 130.435 130.488 129.997 129.101 128.001 126.861 125.9 125.332 125.043 124.881 124.958 125.044 124.824 124.873 125.514 125.738 125.147 125.142 
125.109 125.114 125.732 125.597 124.96 124.848 125.091 125.08 125.034 125.225 125.556 126.086 126.874 127.76 128.579 129.18 129.407 129.156 128.369 126.976 124.894 122.269 119.585 117.468 116.218 115.801 116.218 117.468 119.585 122.269 124.894 126.976 128.369 129.156 129.407 129.18 128.579 127.76 126.874 126.086 125.556 125.225 125.034 125.08 125.091 124.848 124.96 125.597 125.732 125.114 125.109 
125.06 125.065 125.707 125.68 125.072 124.894 125.146 125.204 125.176 125.378 125.718 126.172 126.782 127.436 127.997 128.343 128.364 127.997 127.23 126.04 124.412 122.51 120.682 119.293 118.484 118.217 118.484 119.293 120.682 122.51 124.412 126.04 127.23 127.997 128.364 128.343 127.997 127.436 126.782 126.172 125.718 125.378 125.176 125.204 125.146 124.894 125.072 125.68 125.707 125.065 125.06 
124.999 125.004 125.667 125.765 125.179 124.906 125.174 125.328 125.292 125.454 125.791 126.17 126.615 127.074 127.429 127.586 127.477 127.079 126.41 125.475 124.287 122.983 121.786 120.898 120.383 120.214 120.383 120.898 121.786 122.983 124.287 125.475 126.41 127.079 127.477 127.586 127.429 127.074 126.615 126.17 125.791 125.454 125.292 125.328 125.174 124.906 125.179 125.765 125.667 125.004 124.999 
124.905 124.911 125.6 125.908 125.394 124.924 125.101 125.414 125.449 125.509 125.775 126.098 126.412 126.702 126.889 126.899 126.701 126.306 125.746 125.034 124.189 123.308 122.527 121.953 121.62 121.511 121.62 121.953 122.527 123.308 124.189 125.034 125.746 126.306 126.701 126.899 126.889 126.702 126.412 126.098 125.775 125.509 125.449 125.414 125.101 124.924 125.394 125.908 125.6 124.911 124.905 
124.741 124.746 125.374 125.969 125.771 125.181 125.038 125.349 125.571 125.628 125.753 125.953 126.128 126.243 126.267 126.158 125.913 125.557 125.122 124.614 124.048 123.484 122.996 122.638 122.428 122.36 122.428 122.638 122.996 123.484 124.048 124.614 125.122 125.557 125.913 126.158 126.267 126.243 126.128 125.953 125.753 125.628 125.571 125.349 125.038 125.181 125.771 125.969 125.374 124.746 124.741 
124.576 124.58 124.956 125.66 125.939 125.607 125.212 125.205 125.419 125.567 125.657 125.766 125.87 125.93 125.929 125.857 125.716 125.522 125.302 125.059 124.797 124.54 124.323 124.168 124.077 124.046 124.077 124.168 124.323 124.54 124.797 125.059 125.302 125.522 125.716 125.857 125.929 125.93 125.87 125.766 125.657 125.567 125.419 125.205 125.212 125.607 125.939 125.66 124.956 124.58 124.576 
124.573 124.573 124.635 125.121 125.628 125.764 125.566 125.379 125.386 125.496 125.608 125.714 125.819 125.902 125.945 125.941 125.889 125.798 125.691 125.572 125.44 125.304 125.183 125.096 125.044 125.025 125.044 125.096 125.183 125.304 125.44 125.572 125.691 125.798 125.889 125.941 125.945 125.902 125.819 125.714 125.608 125.496 125.386 125.379 125.566 125.764 125.628 125.121 124.635 124.573 124.573 
124.743 124.741 124.648 124.82 125.181 125.509 125.649 125.639 125.616 125.637 125.674 125.694 125.683 125.635 125.544 125.412 125.248 125.068 124.882 124.688 124.486 124.29 124.117 123.983 123.901 123.876 123.901 123.983 124.117 124.29 124.486 124.688 124.882 125.068 125.248 125.412 125.544 125.635 125.683 125.694 125.674 125.637 125.616 125.639 125.649 125.509 125.181 124.82 124.648 124.741 124.743 
124.928 124.927 124.846 124.855 124.986 125.191 125.379 125.488 125.524 125.517 125.478 125.406 125.299 125.163 125.004 124.832 124.66 124.5 124.354 124.214 124.081 123.964 123.869 123.799 123.757 123.744 123.757 123.799 123.869 123.964 124.081 124.214 124.354 124.5 124.66 124.832 125.004 125.163 125.299 125.406 125.478 125.517 125.524 125.488 125.379 125.191 124.986 124.855 124.846 124.927 124.928 
125.021 125.021 124.987 124.971 124.996 125.064 125.151 125.219 125.247 125.237 125.198 125.143 125.08 125.012 124.944 124.879 124.818 124.764 124.725 124.699 124.68 124.664 124.654 124.647 124.644 124.643 124.644 124.647 124.654 124.664 124.68 124.699 124.725 124.764 124.818 124.879 124.944 125.012 125.08 125.143 125.198 125.237 125.247 125.219 125.151 125.064 124.996 124.971 124.987 125.021 125.021 
125.058 125.058 125.058 125.058 125.058 125.058 125.058 125.058 125.058 125.058 125.058 125.058 125.058 125.058 125.058 125.058 125.058 125.058 125.058 125.058 125.058 125.058 125.058 125.058 125.058 125.058 125.058 125.058 125.058 125.058 125.058 125.058 125.058 125.058 125.058 125.058 125.058 125.058 125.058 125.058 125.058 125.058 125.058 125.058 125.058 125.058 125.058 125.058 125.058 125.058 125.058 
