259696 260035 260357 259982 259628 259834 259949 259852 259913 259848 260111 262980 257986 259745 258110 257511 256866 256262 255672 255051 254525 254079 253824 254442 263661 274441 263661 254442 253824 254079 254525 255051 255672 256262 256866 257511 258110 259745 257986 262980 260111 259848 259913 259852 259949 259834 259628 259982 260357 260035 259696 
260035 260037 260355 259978 259628 259836 259948 259851 259913 259848 260111 263025 258059 259830 258195 257596 256946 256322 255725 255139 254657 254264 254070 254587 263806 274490 263806 254587 254070 254264 254657 255139 255725 256322 256946 257596 258195 259830 258059 263025 260111 259848 259913 259851 259948 259836 259628 259978 260355 260037 260035 
260032 260035 260357 259984 259629 259831 259946 259851 259910 259858 260191 262339 258339 259794 258297 257739 257109 256513 255976 255497 255153 254962 255142 256532 265102 272245 265102 256532 255142 254962 255153 255497 255976 256513 257109 257739 258297 259794 258339 262339 260191 259858 259910 259851 259946 259831 259629 259984 260357 260035 260032 
260031 260034 260357 259987 259629 259828 259946 259853 259911 259871 260251 261983 258586 259770 258390 257860 257251 256689 256208 255813 255577 255533 255965 257832 265503 271781 265503 257832 255965 255533 255577 255813 256208 256689 257251 257860 258390 259770 258586 261983 260251 259871 259911 259853 259946 259828 259629 259987 260357 260034 260031 
260029 260032 260359 259992 259630 259824 259945 259857 259914 259896 260302 261605 258832 259727 258473 257976 257394 256875 256451 256131 255990 256079 256787 259170 265839 270141 265839 259170 256787 256079 255990 256131 256451 256875 257394 257976 258473 259727 258832 261605 260302 259896 259914 259857 259945 259824 259630 259992 260359 260032 260029 
260027 260029 260359 259999 259631 259818 259945 259862 259918 259925 260335 261260 259038 259656 258535 258071 257519 257044 256671 256414 256352 256569 257565 260293 265839 269311 265839 260293 257565 256569 256352 256414 256671 257044 257519 258071 258535 259656 259038 261260 260335 259925 259918 259862 259945 259818 259631 259999 260359 260029 260027 
260023 260026 260360 260006 259633 259813 259946 259868 259920 259948 260332 260934 259189 259564 258576 258140 257620 257187 256859 256658 256673 257028 258312 261211 265636 268119 265636 261211 258312 257028 256673 256658 256859 257187 257620 258140 258576 259564 259189 260934 260332 259948 259920 259868 259946 259813 259633 260006 260360 260026 260023 
260019 260022 260361 260015 259635 259807 259946 259871 259915 259959 260291 260630 259290 259461 258603 258192 257706 257317 257036 256895 256996 257504 259040 261891 265263 267190 265263 261891 259040 257504 256996 256895 257036 257317 257706 258192 258603 259461 259290 260630 260291 259959 259915 259871 259946 259807 259635 260015 260361 260022 260019 
260014 260016 260361 260026 259639 259800 259945 259871 259902 259956 260219 260361 259352 259362 258627 258239 257794 257454 257226 257155 257350 258011 259710 262310 264766 266217 264766 262310 259710 258011 257350 257155 257226 257454 257794 258239 258627 259362 259352 260361 260219 259956 259902 259871 259945 259800 259639 260026 260361 260016 260014 
260007 260010 260362 260039 259643 259791 259943 259868 259883 259941 260131 260136 259387 259280 258657 258295 257899 257616 257448 257450 257741 258533 260271 262473 264206 265324 264206 262473 260271 258533 257741 257450 257448 257616 257899 258295 258657 259280 259387 260136 260131 259941 259883 259868 259943 259791 259643 260039 260362 260010 260007 
259998 260001 260362 260056 259649 259781 259939 259862 259861 259918 260038 259958 259404 259221 258701 258370 258030 257807 257703 257778 258154 259030 260676 262423 263621 264466 263621 262423 260676 259030 258154 257778 257703 257807 258030 258370 258701 259221 259404 259958 260038 259918 259861 259862 259939 259781 259649 260056 260362 260001 259998 
259988 259990 260362 260075 259656 259767 259933 259855 259836 259889 259948 259822 259410 259187 258759 258464 258185 258024 257981 258122 258565 259460 260910 262220 263044 263667 263044 262220 260910 259460 258565 258122 257981 258024 258185 258464 258759 259187 259410 259822 259948 259889 259836 259855 259933 259767 259656 260075 260362 259990 259988 
259973 259976 260361 260100 259666 259750 259924 259847 259809 259853 259864 259718 259408 259176 258829 258577 258361 258261 258274 258469 258947 259793 260986 261927 262493 262937 262493 261927 260986 259793 258947 258469 258274 258261 258361 258577 258829 259176 259408 259718 259864 259853 259809 259847 259924 259750 259666 260100 260361 259976 259973 
259954 259957 260358 260129 259681 259733 259917 259844 259784 259816 259795 259647 259409 259190 258915 258708 258553 258507 258566 258797 259271 260013 260936 261590 261980 262285 261980 261590 260936 260013 259271 258797 258566 258507 258553 258708 258915 259190 259409 259647 259795 259816 259784 259844 259917 259733 259681 260129 260358 259957 259954 
259929 259933 260353 260164 259696 259703 259900 259842 259759 259776 259737 259597 259410 259216 259001 258842 258744 258745 258838 259082 259516 260121 260799 261245 261511 261714 261511 261245 260799 260121 259516 259082 258838 258745 258744 258842 259001 259216 259410 259597 259737 259776 259759 259842 259900 259703 259696 260164 260353 259933 259929 
259893 259896 260343 260218 259736 259675 259866 259831 259730 259727 259677 259550 259405 259251 259097 258991 258947 258984 259098 259331 259698 260162 260640 260939 261119 261251 261119 260939 260640 260162 259698 259331 259098 258984 258947 258991 259097 259251 259405 259550 259677 259727 259730 259831 259866 259675 259736 260218 260343 259896 259893 
259838 259842 260310 260263 259793 259678 259869 259850 259729 259723 259689 259578 259467 259356 259247 259178 259164 259213 259320 259517 259800 260132 260453 260651 260770 260854 260770 260651 260453 260132 259800 259517 259320 259213 259164 259178 259247 259356 259467 259578 259689 259723 259729 259850 259869 259678 259793 260263 260310 259842 259838 
259772 259777 260271 260305 259811 259605 259826 259877 259706 259651 259649 259564 259462 259371 259286 259234 259233 259281 259373 259529 259737 259966 260177 260305 260383 260435 260383 260305 260177 259966 259737 259529 259373 259281 259233 259234 259286 259371 259462 259564 259649 259651 259706 259877 259826 259605 259811 260305 260271 259777 259772 
259667 259672 260226 260448 259963 259520 259644 259848 259731 259568 259530 259481 259400 259339 259307 259308 259353 259433 259539 259683 259853 260024 260173 260264 260319 260353 260319 260264 260173 260024 259853 259683 259539 259433 259353 259308 259307 259339 259400 259481 259530 259568 259731 259848 259644 259520 259963 260448 260226 259672 259667 
259449 259454 260012 260546 260361 259779 259575 259787 259899 259813 259750 259742 259724 259712 259726 259763 259820 259889 259969 260067 260171 260272 260358 260413 260446 260465 260446 260413 260358 260272 260171 260067 259969 259889 259820 259763 259726 259712 259724 259742 259750 259813 259899 259787 259575 259779 260361 260546 260012 259454 259449 
259192 259196 259558 260220 260508 260201 259770 259666 259766 259794 259745 259704 259668 259621 259572 259528 259491 259460 259438 259426 259418 259414 259415 259413 259414 259418 259414 259413 259415 259414 259418 259426 259438 259460 259491 259528 259572 259621 259668 259704 259745 259794 259766 259666 259770 260201 260508 260220 259558 259196 259192 
259123 259123 259186 259609 260075 260204 259973 259683 259528 259442 259338 259220 259113 259017 258932 258862 258810 258773 258745 258727 258718 258714 258713 258712 258712 258714 258712 258712 258713 258714 258718 258727 258745 258773 258810 258862 258932 259017 259113 259220 259338 259442 259528 259683 259973 260204 260075 259609 259186 259123 259123 
259294 259292 259188 259284 259563 259838 259936 259866 259753 259671 259619 259583 259569 259579 259613 259665 259732 259800 259869 259945 260024 260099 260162 260207 260234 260245 260234 260207 260162 260099 260024 259945 259869 259800 259732 259665 259613 259579 259569 259583 259619 259671 259753 259866 259936 259838 259563 259284 259188 259292 259294 
259518 259516 259421 259376 259441 259596 259763 259880 259948 260002 260062 260130 260205 260283 260364 260443 260517 260580 260639 260699 260753 260801 260839 260866 260882 260888 260882 260866 260839 260801 260753 260699 260639 260580 260517 260443 260364 260283 260205 260130 260062 260002 259948 259880 259763 259596 259441 259376 259421 259516 259518 
259642 259642 259600 259558 259550 259594 259679 259775 259859 259923 259971 260011 260045 260073 260097 260115 260128 260135 260137 260137 260135 260133 260131 260129 260128 260127 260128 260129 260131 260133 260135 260137 260137 260135 260128 260115 260097 260073 260045 260011 259971 259923 259859 259775 259679 259594 259550 259558 259600 259642 259642 
259696 259696 259696 259696 259696 259696 259696 259696 259696 259696 259696 259696 259696 259696 259696 259696 259696 259696 259696 259696 259696 259696 259696 259696 259696 259696 259696 259696 259696 259696 259696 259696 259696 259696 259696 259696 259696 259696 259696 259696 259696 259696 259696 259696 259696 259696 259696 259696 259696 259696 259696 
