-195.984 -209.746 -241.933 -277.398 -317.808 -365.522 -419.683 -480.052 -548.749 -626.952 -708.339 -772.621 -843.07 -928.516 -986.679 -1064.57 -1162.57 -1289.34 -1449.1 -1650.11 -1917.87 -2283.98 -2791.08 -3492.64 -3692.82 1.00098e-11 3692.82 3492.64 2791.08 2283.98 1917.87 1650.11 1449.1 1289.34 1162.57 1064.57 986.679 928.516 843.07 772.621 708.339 626.952 548.749 480.052 419.683 365.522 317.808 277.398 241.933 209.746 195.984 
-196.911 -210.463 -242.332 -277.52 -317.674 -365.097 -418.869 -478.777 -546.899 -624.285 -704.652 -770.153 -843.058 -928.505 -986.671 -1064.57 -1162.56 -1289.34 -1449.09 -1650.1 -1917.87 -2283.97 -2791.07 -3492.63 -3692.8 9.37284e-12 3692.8 3492.63 2791.07 2283.97 1917.87 1650.1 1449.09 1289.34 1162.56 1064.57 986.671 928.505 843.058 770.153 704.652 624.285 546.899 478.777 418.869 365.097 317.674 277.52 242.332 210.463 196.911 
-197.891 -211.293 -242.804 -277.676 -317.508 -364.583 -417.957 -477.356 -544.856 -621.356 -700.475 -769.715 -845.233 -927.788 -985.899 -1063.6 -1161.48 -1288.97 -1449.29 -1649.07 -1914.83 -2276.39 -2768.65 -3435.04 -3549.47 7.85937e-12 3549.47 3435.04 2768.65 2276.39 1914.83 1649.07 1449.29 1288.97 1161.48 1063.6 985.899 927.788 845.233 769.715 700.475 621.356 544.856 477.356 417.957 364.583 317.508 277.676 242.804 211.293 197.891 
-199.017 -212.247 -243.352 -277.864 -317.331 -363.999 -416.918 -475.825 -542.731 -618.379 -696.97 -770.92 -848.732 -925.562 -983.591 -1061.22 -1159.17 -1288.4 -1449.63 -1646.26 -1906.74 -2256.77 -2720.05 -3334.85 -3286.54 6.47942e-12 3286.54 3334.85 2720.05 2256.77 1906.74 1646.26 1449.63 1288.4 1159.17 1061.22 983.591 925.562 848.732 770.92 696.97 618.379 542.731 475.825 416.918 363.999 317.331 277.864 243.352 212.247 199.017 
-200.303 -213.336 -243.989 -278.103 -317.134 -363.32 -415.758 -474.152 -540.462 -615.401 -693.995 -772.543 -850.92 -920.931 -978.722 -1056.24 -1154.25 -1285.25 -1446.06 -1635.82 -1884.92 -2212.86 -2630.45 -3161.41 -2919.06 5.24853e-12 2919.06 3161.41 2630.45 2212.86 1884.92 1635.82 1446.06 1285.25 1154.25 1056.24 978.722 920.931 850.92 772.543 693.995 615.401 540.462 474.152 415.758 363.32 317.134 278.103 243.989 213.336 200.303 
-201.764 -214.579 -244.724 -278.387 -316.922 -362.558 -414.452 -472.278 -537.948 -612.119 -690.637 -772.443 -849.794 -913.177 -970.587 -1047.67 -1145.4 -1277.27 -1435.28 -1613.87 -1845.22 -2141.7 -2501.59 -2927.3 -2517.73 5.17247e-12 2517.73 2927.3 2501.59 2141.7 1845.22 1613.87 1435.28 1277.27 1145.4 1047.67 970.587 913.177 849.794 772.443 690.637 612.119 537.948 472.278 414.452 362.558 316.922 278.387 244.724 214.579 201.764 
-203.435 -215.999 -245.566 -278.717 -316.694 -361.709 -412.968 -470.095 -534.951 -608.069 -685.941 -769.336 -844.598 -902.125 -958.966 -1035.07 -1131.87 -1263.36 -1416.02 -1579.74 -1788.53 -2047.44 -2343 -2652.51 -2121.21 4.93428e-12 2121.21 2652.51 2343 2047.44 1788.53 1579.74 1416.02 1263.36 1131.87 1035.07 958.966 902.125 844.598 769.336 685.941 608.069 534.951 470.095 412.968 361.709 316.694 278.717 245.566 215.999 203.435 
-205.336 -217.62 -246.533 -279.096 -316.449 -360.749 -411.247 -467.524 -531.276 -602.845 -679.439 -762.986 -835.563 -888.122 -944.076 -1018.59 -1113.83 -1243.7 -1388.91 -1535.25 -1718.34 -1936.07 -2163.86 -2355.58 -1757.83 4.39211e-12 1757.83 2355.58 2163.86 1936.07 1718.34 1535.25 1388.91 1243.7 1113.83 1018.59 944.076 888.122 835.563 762.986 679.439 602.845 531.276 467.524 411.247 360.749 316.449 279.096 246.533 217.62 205.336 
-207.488 -219.457 -247.648 -279.549 -316.175 -359.65 -409.239 -464.413 -526.748 -596.401 -671.155 -753.692 -823.281 -871.647 -926.361 -998.774 -1091.9 -1219.11 -1355.23 -1482.32 -1637.47 -1811.59 -1970.33 -2051.95 -1437.79 4.5091e-12 1437.79 2051.95 1970.33 1811.59 1637.47 1482.32 1355.23 1219.11 1091.9 998.774 926.361 871.647 823.281 753.692 671.155 596.401 526.748 464.413 409.239 359.65 316.175 279.549 247.648 219.457 207.488 
-209.913 -221.533 -248.919 -280.064 -315.857 -358.372 -406.884 -460.738 -521.317 -588.696 -661.27 -741.891 -808.195 -853.027 -906.146 -976.059 -1066.54 -1189.99 -1315.37 -1421.54 -1546.77 -1675.68 -1767.3 -1756.22 -1165.95 4.17909e-12 1165.95 1756.22 1767.3 1675.68 1546.77 1421.54 1315.37 1189.99 1066.54 976.059 906.146 853.027 808.195 741.891 661.27 588.696 521.317 460.738 406.884 358.372 315.857 280.064 248.919 221.533 209.913 
-212.623 -223.861 -250.361 -280.649 -315.48 -356.868 -404.112 -456.393 -514.95 -579.815 -649.79 -727.632 -790.412 -832.206 -883.375 -950.387 -1037.52 -1155.79 -1268.61 -1352.25 -1446.02 -1529.88 -1560.88 -1481.12 -940.796 2.8055e-12 940.796 1481.12 1560.88 1529.88 1446.02 1352.25 1268.61 1155.79 1037.52 950.387 883.375 832.206 790.412 727.632 649.79 579.815 514.95 456.393 404.112 356.868 315.48 280.649 250.361 223.861 212.623 
-215.638 -226.449 -251.969 -281.29 -315.023 -355.093 -400.84 -451.325 -507.567 -569.58 -636.505 -710.705 -769.697 -808.788 -857.626 -921.226 -1004.02 -1115.4 -1213.77 -1273.72 -1335.66 -1377.18 -1358.37 -1235.15 -757.447 1.79297e-12 757.447 1235.15 1358.37 1377.18 1335.66 1273.72 1213.77 1115.4 1004.02 921.226 857.626 808.788 769.697 710.705 636.505 569.58 507.567 451.325 400.84 355.093 315.023 281.29 251.969 226.449 215.638 
-218.948 -229.293 -253.746 -281.982 -314.436 -352.983 -397.013 -445.399 -498.995 -557.788 -621.069 -690.811 -745.72 -782.23 -828.275 -887.817 -965.08 -1067.71 -1150.07 -1186.04 -1217.42 -1222.04 -1166.59 -1021.59 -609.269 1.78722e-12 609.269 1021.59 1166.59 1222.04 1217.42 1186.04 1150.07 1067.71 965.08 887.817 828.275 782.23 745.72 690.811 621.069 557.788 498.995 445.399 397.013 352.983 314.436 281.982 253.746 229.293 218.948 
-222.545 -232.381 -255.67 -282.683 -313.684 -350.468 -392.496 -438.496 -489.044 -544.135 -603.172 -667.705 -718.193 -752.04 -794.746 -849.469 -919.939 -1012.12 -1077.5 -1090.4 -1094.32 -1069.45 -990.509 -839.711 -489.62 1.6753e-12 489.62 839.711 990.509 1069.45 1094.32 1090.4 1077.5 1012.12 919.939 849.469 794.746 752.04 718.193 667.705 603.172 544.135 489.044 438.496 392.496 350.468 313.684 282.683 255.67 232.381 222.545 
-226.392 -235.671 -257.693 -283.352 -312.706 -347.452 -387.17 -430.438 -477.53 -528.413 -582.604 -641.275 -686.955 -717.869 -756.641 -805.757 -868.275 -948.692 -996.948 -988.991 -970.053 -923.884 -832.769 -686.527 -392.762 1.40314e-12 392.762 686.527 832.769 923.884 970.053 988.991 996.948 948.692 868.275 805.757 756.641 717.869 686.955 641.275 582.604 528.413 477.53 430.438 387.17 347.452 312.706 283.352 257.693 235.671 226.392 
-230.42 -239.093 -259.748 -283.915 -311.412 -343.819 -380.886 -421.074 -464.276 -510.468 -559.242 -611.472 -651.969 -679.554 -713.788 -756.566 -810.25 -878.151 -910.103 -884.653 -848.346 -788.764 -694.066 -558.349 -314.13 1.30292e-12 314.13 558.349 694.066 788.764 848.346 884.653 910.103 878.151 810.25 756.566 713.788 679.554 651.969 611.472 559.242 510.468 464.276 421.074 380.886 343.819 311.412 283.915 259.748 239.093 230.42 
-234.519 -242.537 -261.715 -284.254 -309.689 -339.448 -373.503 -410.224 -449.114 -490.172 -533.047 -578.369 -613.296 -637.119 -666.286 -702.192 -746.577 -801.936 -819.332 -780.51 -732.5 -666.213 -573.84 -451.596 -250.221 1.25696e-12 250.221 451.596 573.84 666.213 732.5 780.51 819.332 801.936 746.577 702.192 666.286 637.119 613.296 578.369 533.047 490.172 449.114 410.224 373.503 339.448 309.689 284.254 261.715 242.537 234.519 
-238.539 -245.852 -263.435 -284.206 -307.371 -334.154 -364.849 -397.783 -431.961 -467.412 -504.041 -542.214 -571.243 -590.906 -614.653 -643.443 -678.586 -722.088 -727.329 -679.476 -624.922 -557.1 -470.723 -363.035 -198.293 8.3939e-13 198.293 363.035 470.723 557.1 624.922 679.476 727.329 722.088 678.586 643.443 614.653 590.906 571.243 542.214 504.041 467.412 431.961 397.783 364.849 334.154 307.371 284.206 263.435 245.852 238.539 
-242.26 -248.813 -264.67 -283.605 -304.373 -327.797 -354.641 -383.574 -412.937 -442.395 -472.368 -503.3 -526.313 -541.489 -559.653 -581.424 -607.847 -640.707 -636.495 -583.702 -526.871 -461.183 -382.898 -289.739 -156.108 4.9063e-13 156.108 289.739 382.898 461.183 526.871 583.702 636.495 640.707 607.847 581.424 559.653 541.489 526.313 503.3 472.368 442.395 412.937 383.574 354.641 327.797 304.373 283.605 264.67 248.813 242.26 
-245.387 -251.121 -265.01 -282.023 -300.513 -320.475 -342.834 -367.186 -391.763 -415.367 -438.496 -462.068 -479.057 -489.64 -502.292 -517.514 -536.203 -560.024 -549.109 -494.935 -439.109 -377.996 -308.775 -229.454 -121.999 2.46834e-13 121.999 229.454 308.775 377.996 439.109 494.935 549.109 560.024 536.203 517.514 502.292 489.64 479.057 462.068 438.496 415.367 391.763 367.186 342.834 320.475 300.513 282.023 265.01 251.121 245.387 
-247.684 -252.547 -264.11 -278.796 -295.062 -312.006 -329.858 -348.857 -368.082 -386.047 -402.731 -419.192 -430.408 -436.689 -444.376 -453.946 -466.273 -482.887 -467.796 -414.977 -362.404 -307.205 -247.15 -180.47 -94.7371 2.87072e-13 94.7371 180.47 247.15 307.205 362.404 414.977 467.796 482.887 466.273 453.946 444.376 436.689 430.408 419.192 402.731 386.047 368.082 348.857 329.858 312.006 295.062 278.796 264.11 252.547 247.684 
-248.961 -252.902 -261.989 -273.797 -287.338 -301.477 -315.604 -329.609 -343.183 -355.376 -366.04 -376.05 -382.001 -384.398 -387.803 -392.678 -399.844 -410.701 -393.244 -343.494 -295.434 -246.717 -195.528 -140.302 -72.7321 3.73178e-13 72.7321 140.302 195.528 246.717 295.434 343.494 393.244 410.701 399.844 392.678 387.803 384.398 382.001 376.05 366.04 355.376 343.183 329.609 315.604 301.477 287.338 273.797 261.989 252.902 248.961 
-248.82 -251.817 -258.604 -267.326 -277.507 -288.343 -298.995 -308.868 -317.511 -324.316 -329.412 -333.645 -334.884 -333.756 -333.37 -334.156 -336.894 -342.857 -324.071 -278.421 -235.569 -193.605 -151.015 -106.405 -54.4453 9.46981e-14 54.4453 106.405 151.015 193.605 235.569 278.421 324.071 342.857 336.894 334.156 333.37 333.756 334.884 333.645 329.412 324.316 317.511 308.868 298.995 288.343 277.507 267.326 258.604 251.817 248.82 
-246.725 -248.76 -253.421 -259.243 -265.932 -273.01 -279.844 -285.757 -290.132 -292.364 -292.706 -292.04 -289.354 -285.292 -281.745 -279.076 -277.891 -279.219 -259.367 -218.125 -180.763 -145.701 -111.569 -77.0531 -38.8683 -9.49324e-15 38.8683 77.0531 111.569 145.701 180.763 218.125 259.367 279.219 277.891 279.076 281.745 285.292 289.354 292.04 292.706 292.364 290.132 285.757 279.844 273.01 265.932 259.243 253.421 248.76 246.725 
-242.35 -243.408 -245.883 -248.917 -252.313 -255.786 -258.925 -261.22 -262.139 -261.106 -258.208 -253.96 -248.431 -242.321 -236.463 -230.816 -225.194 -219.098 -192.054 -154.246 -123.486 -96.8941 -72.5495 -49.0018 -24.3112 -3.64212e-14 24.3112 49.0018 72.5495 96.8941 123.486 154.246 192.054 219.098 225.194 230.816 236.463 242.321 248.431 253.96 258.208 261.106 262.139 261.22 258.925 255.786 252.313 248.917 245.883 243.408 242.35 
-235.873 -235.873 -235.873 -235.873 -235.873 -235.87 -235.87 -235.874 -235.873 -235.352 -230.92 -222.189 -212.635 -202.748 -192.004 -179.73 -165.084 -147.036 -124.448 -103.839 -84.9461 -67.3331 -50.4853 -33.8383 -16.6888 -6.32372e-14 16.6888 33.8383 50.4853 67.3331 84.9461 103.839 124.448 147.036 165.084 179.73 192.004 202.748 212.635 222.189 230.92 235.352 235.873 235.874 235.87 235.87 235.873 235.873 235.873 235.873 235.873 
