-0 3.29706e-13 1.92282e-12 -2.53753e-13 -2.60132e-13 -5.45523e-13 -1.0598e-13 1.37723e-12 2.29021e-12 7.67338e-13 -0.000107639 359.077 0 0 -1.13687e-13 1.13687e-13 0 5.68434e-14 -3.55271e-15 0 2.27374e-13 4.54747e-13 9.09495e-13 0 -3.63798e-12 0 -3.63798e-12 -1.81899e-12 9.09495e-13 4.54747e-13 0 0 0 5.68434e-14 0 -2.27374e-13 1.13687e-13 0 0 359.077 -0.000107639 -7.67338e-13 -2.29021e-12 -1.37723e-12 1.0598e-13 5.45523e-13 2.60132e-13 2.53753e-13 -1.92282e-12 -3.29706e-13 0 
-4.08428 -4.37175 -4.79014 -5.8502 -7.93105 -10.2559 -12.6407 -15.3971 -18.1759 -20.216 -3.45936 242.249 -35.8864 -43.2993 -53.6483 -67.3135 -86.6636 -114.993 -158.023 -220.731 -318.816 -489.225 -809.75 -1286.13 -2997.77 -6220.51 -2997.77 -1286.13 -809.75 -489.225 -318.816 -220.731 -158.023 -114.993 -86.6636 -67.3135 -53.6483 -43.2993 -35.8864 242.249 -3.45936 -20.216 -18.1759 -15.3971 -12.6407 -10.2559 -7.93105 -5.8502 -4.79014 -4.37175 -4.08428 
-7.42964 -7.96165 -9.0668 -11.3583 -14.8332 -18.8535 -23.5273 -28.6794 -33.6856 -38.0979 -17.206 163.572 -71.9858 -74.3164 -102.819 -131.957 -171.277 -228.823 -314.957 -442.507 -645.145 -1001.64 -1697.64 -2928.35 -5863.04 -8999.65 -5863.04 -2928.35 -1697.64 -1001.64 -645.145 -442.507 -314.957 -228.823 -171.277 -131.957 -102.819 -74.3164 -71.9858 163.572 -17.206 -38.0979 -33.6856 -28.6794 -23.5273 -18.8535 -14.8332 -11.3583 -9.0668 -7.96165 -7.42964 
-10.3978 -11.1391 -12.7484 -15.9934 -20.7578 -26.3382 -32.929 -40.1508 -47.2159 -53.3024 -32.3254 85.7675 -97.0244 -104.386 -146.287 -187.995 -244.497 -326.129 -446.547 -626.257 -914.624 -1422.58 -2399.58 -4084.83 -7594.93 -11195.3 -7594.93 -4084.83 -2399.58 -1422.58 -914.624 -626.257 -446.547 -326.129 -244.497 -187.995 -146.287 -104.386 -97.0244 85.7675 -32.3254 -53.3024 -47.2159 -40.1508 -32.929 -26.3382 -20.7578 -15.9934 -12.7484 -11.1391 -10.3978 
-12.9536 -13.8709 -15.9366 -20.0277 -25.8619 -32.728 -40.9368 -49.9128 -58.7603 -66.3 -48.022 24.7748 -118.39 -133.072 -185.181 -238.074 -309.811 -412.242 -562.178 -787.169 -1150.25 -1787.8 -2985.46 -5003.31 -8655.35 -11661 -8655.35 -5003.31 -2985.46 -1787.8 -1150.25 -787.169 -562.178 -412.242 -309.811 -238.074 -185.181 -133.072 -118.39 24.7748 -48.022 -66.3 -58.7603 -49.9128 -40.9368 -32.728 -25.8619 -20.0277 -15.9366 -13.8709 -12.9536 
-15.1662 -16.2331 -18.6788 -23.4853 -30.2355 -38.1656 -47.6856 -58.1255 -68.4767 -77.2303 -63.8902 -25.1678 -137.51 -160.381 -219.718 -282.38 -367.616 -488.045 -663.416 -927.166 -1353.17 -2093.25 -3436.84 -5606.81 -9003.12 -11506.5 -9003.12 -5606.81 -3436.84 -2093.25 -1353.17 -927.166 -663.416 -488.045 -367.616 -282.38 -219.718 -160.381 -137.51 -25.1678 -63.8902 -77.2303 -68.4767 -58.1255 -47.6856 -38.1656 -30.2355 -23.4853 -18.6788 -16.2331 -15.1662 
-17.077 -18.2588 -21.0217 -26.4367 -33.944 -42.7448 -53.3095 -64.9365 -76.5926 -86.6159 -79.5537 -65.9071 -155.181 -186.005 -250.267 -321.431 -418.543 -554.432 -751.219 -1046.83 -1521.66 -2331.27 -3740.1 -5896.27 -8813.56 -10671.6 -8813.56 -5896.27 -3740.1 -2331.27 -1521.66 -1046.83 -751.219 -554.432 -418.543 -321.431 -250.267 -186.005 -155.181 -65.9071 -79.5537 -86.6159 -76.5926 -64.9365 -53.3095 -42.7448 -33.944 -26.4367 -21.0217 -18.2588 -17.077 
-18.7129 -19.9929 -23.0095 -28.9166 -37.0538 -46.547 -57.9297 -70.5682 -83.4463 -95.0101 -94.8433 -98.9368 -171.61 -209.408 -277.089 -355.753 -463.137 -611.878 -825.773 -1145.08 -1652.4 -2495.01 -3889.72 -5888.26 -8232.75 -9564.5 -8232.75 -5888.26 -3889.72 -2495.01 -1652.4 -1145.08 -825.773 -611.878 -463.137 -355.753 -277.089 -209.408 -171.61 -98.9368 -94.8433 -95.0101 -83.4463 -70.5682 -57.9297 -46.547 -37.0538 -28.9166 -23.0095 -19.9929 -18.7129 
-20.1055 -21.4601 -24.6759 -30.9711 -39.6129 -49.6532 -61.6787 -75.2118 -89.2916 -102.697 -109.355 -125.508 -186.665 -230.305 -300.504 -385.509 -501.239 -659.979 -885.936 -1219.7 -1741.33 -2578.61 -3887.88 -5626.28 -7407.26 -8309.22 -7407.26 -5626.28 -3887.88 -2578.61 -1741.33 -1219.7 -885.936 -659.979 -501.239 -385.509 -300.504 -230.305 -186.665 -125.508 -109.355 -102.697 -89.2916 -75.2118 -61.6787 -49.6532 -39.6129 -30.9711 -24.6759 -21.4601 -20.1055 
-21.2785 -22.686 -26.0448 -32.6289 -41.6608 -52.1232 -64.6681 -79.0146 -94.2875 -109.716 -122.517 -146.543 -200.227 -248.49 -320.534 -410.56 -532.458 -697.831 -930.094 -1268.23 -1784.58 -2580.17 -3747.18 -5171.17 -6460.56 -7051.05 -6460.56 -5171.17 -3747.18 -2580.17 -1784.58 -1268.23 -930.094 -697.831 -532.458 -410.56 -320.534 -248.49 -200.227 -146.543 -122.517 -109.716 -94.2875 -79.0146 -64.6681 -52.1232 -41.6608 -32.6289 -26.0448 -22.686 -21.2785 
-22.2382 -23.6812 -27.1338 -33.9164 -43.2286 -54.0021 -66.953 -82.0278 -98.4495 -115.899 -133.842 -162.834 -212.024 -263.709 -336.993 -430.495 -556.059 -724.22 -956.518 -1288.12 -1779.85 -2501.92 -3489.4 -4591.87 -5487.8 -5863.05 -5487.8 -4591.87 -3489.4 -2501.92 -1779.85 -1288.12 -956.518 -724.22 -556.059 -430.495 -336.993 -263.709 -212.024 -162.834 -133.842 -115.899 -98.4495 -82.0278 -66.953 -54.0021 -43.2286 -33.9164 -27.1338 -23.6812 -22.2382 
-23.0005 -24.458 -27.9488 -34.8395 -44.3426 -55.3333 -68.5728 -84.253 -101.704 -120.999 -142.959 -175.003 -221.719 -275.667 -349.474 -444.692 -571.089 -737.787 -963.39 -1277.35 -1726.5 -2351.31 -3144.46 -3955.08 -4557.07 -4791.22 -4557.07 -3955.08 -3144.46 -2351.31 -1726.5 -1277.35 -963.39 -737.787 -571.089 -444.692 -349.474 -275.667 -221.719 -175.003 -142.959 -120.999 -101.704 -84.253 -68.5728 -55.3333 -44.3426 -34.8395 -27.9488 -24.458 -23.0005 
-23.5663 -25.0175 -28.4925 -35.3997 -44.9955 -56.117 -69.5331 -85.6728 -103.975 -124.815 -149.689 -183.487 -228.861 -283.939 -357.393 -452.263 -576.373 -737.04 -948.92 -1234.84 -1627.19 -2141.76 -2747.22 -3316.78 -3710.62 -3855.24 -3710.62 -3316.78 -2747.22 -2141.76 -1627.19 -1234.84 -948.92 -737.04 -576.373 -452.263 -357.393 -283.939 -228.861 -183.487 -149.689 -124.815 -103.975 -85.6728 -69.5331 -56.117 -44.9955 -35.3997 -28.4925 -25.0175 -23.5663 
-23.9281 -25.3571 -28.7718 -35.6067 -45.1884 -56.3135 -69.748 -86.1743 -105.108 -127.064 -153.788 -188.415 -232.858 -287.921 -359.865 -452.169 -570.721 -720.592 -912.305 -1161.84 -1488.69 -1891.84 -2332.49 -2717.69 -2970.22 -3059.15 -2970.22 -2717.69 -2332.49 -1891.84 -1488.69 -1161.84 -912.305 -720.592 -570.721 -452.169 -359.865 -287.921 -232.858 -188.415 -153.788 -127.064 -105.108 -86.1743 -69.748 -56.3135 -45.1884 -35.6067 -28.7718 -25.3571 -23.9281 
-24.0677 -25.4535 -28.7441 -35.4286 -44.9493 -56.0118 -69.2798 -85.7185 -105.011 -127.62 -155.235 -189.911 -233.286 -287.178 -356.252 -443.619 -553.269 -687.964 -854.367 -1062.32 -1321.62 -1622.54 -1929.74 -2182.39 -2341.97 -2396.55 -2341.97 -2182.39 -1929.74 -1622.54 -1321.62 -1062.32 -854.367 -687.964 -553.269 -443.619 -356.252 -287.178 -233.286 -189.911 -155.235 -127.62 -105.011 -85.7185 -69.2798 -56.0118 -44.9493 -35.4286 -28.7441 -25.4535 -24.0677 
-23.9858 -25.3112 -28.4045 -34.7767 -44.0804 -55.0353 -68.0894 -84.3177 -103.588 -126.319 -154.009 -187.994 -229.708 -281.117 -345.677 -425.684 -523.369 -639.448 -777.483 -942.628 -1138.55 -1353.13 -1559.53 -1721.39 -1821.1 -1854.58 -1821.1 -1721.39 -1559.53 -1353.13 -1138.55 -942.628 -777.483 -639.448 -523.369 -425.684 -345.677 -281.117 -229.708 -187.994 -154.009 -126.319 -103.588 -84.3177 -68.0894 -55.0353 -44.0804 -34.7767 -28.4045 -25.3112 -23.9858 
-23.6618 -24.9088 -27.7917 -33.7715 -42.6598 -53.2053 -65.7649 -81.5628 -100.464 -122.629 -149.446 -181.933 -221.182 -268.829 -327.358 -398.071 -481.696 -577.445 -686.788 -811.842 -953.239 -1100.25 -1234.87 -1336.77 -1398.63 -1419.16 -1398.63 -1336.77 -1234.87 -1100.25 -953.239 -811.842 -686.788 -577.445 -481.696 -398.071 -327.358 -268.829 -221.182 -181.933 -149.446 -122.629 -100.464 -81.5628 -65.7649 -53.2053 -42.6598 -33.7715 -27.7917 -24.9088 -23.6618 
-22.9675 -24.1303 -26.7396 -32.3174 -40.9068 -51.0538 -62.7458 -77.593 -95.8822 -117.165 -142.385 -172.619 -208.668 -251.554 -302.88 -363.02 -431.592 -506.973 -589.609 -680.001 -777.81 -875.083 -960.781 -1024.12 -1062.33 -1074.89 -1062.33 -1024.12 -960.781 -875.083 -777.81 -680.001 -589.609 -506.973 -431.592 -363.02 -302.88 -251.554 -208.668 -172.619 -142.385 -117.165 -95.8822 -77.593 -62.7458 -51.0538 -40.9068 -32.3174 -26.7396 -24.1303 -22.9675 
-21.9959 -23.0376 -25.1593 -29.9086 -37.9994 -48.1135 -59.1958 -72.5432 -89.4142 -109.475 -132.738 -159.972 -191.953 -229.068 -272.07 -320.717 -374.068 -430.331 -489.688 -551.959 -616.827 -679.07 -732.391 -771.237 -794.643 -802.299 -794.643 -771.237 -732.391 -679.07 -616.827 -551.959 -489.688 -430.331 -374.068 -320.717 -272.07 -229.068 -191.953 -159.972 -132.738 -109.475 -89.4142 -72.5432 -59.1958 -48.1135 -37.9994 -29.9086 -25.1593 -23.0376 -21.9959 
-20.8677 -21.7814 -23.5276 -27.0658 -33.704 -43.1479 -53.9596 -66.0356 -80.6418 -98.3218 -118.869 -142.429 -169.504 -200.159 -234.56 -272.111 -311.764 -351.955 -392.941 -434.332 -476.13 -515.155 -547.942 -571.645 -585.958 -590.628 -585.958 -571.645 -547.942 -515.155 -476.13 -434.332 -392.941 -351.955 -311.764 -272.111 -234.56 -200.159 -169.504 -142.429 -118.869 -98.3218 -80.6418 -66.0356 -53.9596 -43.1479 -33.704 -27.0658 -23.5276 -21.7814 -20.8677 
-19.2308 -20.016 -21.8433 -24.6692 -29.5521 -37.2258 -47.0908 -58.3199 -71.1592 -86.2672 -103.797 -123.656 -145.968 -170.563 -197.299 -225.474 -254.099 -282.016 -309.67 -336.655 -363.232 -387.535 -407.693 -422.244 -431.062 -433.937 -431.062 -422.244 -407.693 -387.535 -363.232 -336.655 -309.67 -282.016 -254.099 -225.474 -197.299 -170.563 -145.968 -123.656 -103.797 -86.2672 -71.1592 -58.3199 -47.0908 -37.2258 -29.5521 -24.6692 -21.8433 -20.016 -19.2308 
-16.519 -17.1589 -19.1831 -21.959 -25.829 -31.5867 -39.4993 -49.2051 -60.4076 -73.2172 -87.7584 -103.929 -121.625 -140.511 -160.288 -180.327 -199.905 -218.3 -236.076 -252.87 -269.067 -283.635 -295.611 -304.263 -309.541 -311.259 -309.541 -304.263 -295.611 -283.635 -269.067 -252.87 -236.076 -218.3 -199.905 -180.327 -160.288 -140.511 -121.625 -103.929 -87.7584 -73.2172 -60.4076 -49.2051 -39.4993 -31.5867 -25.829 -21.959 -19.1831 -17.1589 -16.519 
-12.7616 -13.2533 -15.0839 -17.701 -21.0325 -25.4114 -31.2114 -38.5264 -47.2251 -57.1865 -68.3293 -80.5127 -93.5572 -107.065 -120.715 -134.061 -146.65 -158.095 -168.972 -178.926 -188.367 -196.754 -203.61 -208.57 -211.615 -212.612 -211.615 -208.57 -203.61 -196.754 -188.367 -178.926 -168.972 -158.095 -146.65 -134.061 -120.715 -107.065 -93.5572 -80.5127 -68.3293 -57.1865 -47.2251 -38.5264 -31.2114 -25.4114 -21.0325 -17.701 -15.0839 -13.2533 -12.7616 
-8.51035 -8.84607 -10.1284 -12.091 -14.6543 -17.8732 -21.9127 -26.9234 -32.9465 -39.9601 -47.9065 -56.6825 -66.0199 -75.5012 -84.8135 -93.6343 -101.707 -108.85 -115.56 -121.525 -127.108 -132.025 -136.034 -138.949 -140.738 -141.328 -140.738 -138.949 -136.034 -132.025 -127.108 -121.525 -115.56 -108.85 -101.707 -93.6343 -84.8135 -75.5012 -66.0199 -56.6825 -47.9065 -39.9601 -32.9465 -26.9234 -21.9127 -17.8732 -14.6543 -12.091 -10.1284 -8.84607 -8.51035 
-4.18429 -4.35658 -5.00622 -6.05085 -7.47738 -9.29653 -11.5664 -14.3839 -17.8292 -22.0009 -27.2227 -33.7176 -40.7553 -47.7071 -54.257 -60.2095 -65.4478 -69.9148 -74.0227 -77.6276 -80.9617 -83.8514 -86.1785 -87.8666 -88.8945 -89.2356 -88.8945 -87.8666 -86.1785 -83.8514 -80.9617 -77.6276 -74.0227 -69.9148 -65.4478 -60.2095 -54.257 -47.7071 -40.7553 -33.7176 -27.2227 -22.0009 -17.8292 -14.3839 -11.5664 -9.29653 -7.47738 -6.05085 -5.00622 -4.35658 -4.18429 
-0 -0 -0 -0 -0 -0 -0 -0 -0 -0.66091 -6.30048 -15.825 -24.6363 -32.2856 -39.0228 -45.0013 -50.3183 -55.0312 -59.158 -62.64 -65.5414 -67.8952 -69.7179 -71.0163 -71.7947 -72.054 -71.7947 -71.0163 -69.7179 -67.8952 -65.5414 -62.64 -59.158 -55.0312 -50.3183 -45.0013 -39.0228 -32.2856 -24.6363 -15.825 -6.30048 -0.66091 0 0 0 0 0 0 0 0 0 
