1.225 0.938764 0.932202 0.92827 0.924528 0.920855 0.9176 0.914076 0.910194 0.906909 0.89928 0.848571 0.663833 0.70862 0.760971 0.813168 0.874638 0.958511 1.06859 1.21306 1.40236 1.65922 2.04928 2.73187 3.94849 4.71194 3.94849 2.73187 2.04928 1.65922 1.40236 1.21306 1.06859 0.958511 0.874638 0.813168 0.760971 0.70862 0.663833 0.848571 0.89928 0.906909 0.910194 0.914076 0.9176 0.920855 0.924528 0.92827 0.932202 0.938764 1.225 
0.938764 0.938764 0.932202 0.92827 0.924528 0.920855 0.9176 0.914076 0.910194 0.906909 0.89928 0.848571 0.663833 0.70862 0.760971 0.813168 0.874638 0.958511 1.06859 1.21306 1.40236 1.65922 2.04928 2.73187 3.94849 4.71194 3.94849 2.73187 2.04928 1.65922 1.40236 1.21306 1.06859 0.958511 0.874638 0.813168 0.760971 0.70862 0.663833 0.848571 0.89928 0.906909 0.910194 0.914076 0.9176 0.920855 0.924528 0.92827 0.932202 0.938764 0.938764 
0.94728 0.94728 0.941136 0.937476 0.933935 0.930423 0.927256 0.923844 0.920491 0.915503 0.888366 0.792035 0.64906 0.730954 0.784288 0.838349 0.906878 0.999508 1.11837 1.27115 1.47673 1.77777 2.26106 3.03811 4.15462 4.86142 4.15462 3.03811 2.26106 1.77777 1.47673 1.27115 1.11837 0.999508 0.906878 0.838349 0.784288 0.730954 0.64906 0.792035 0.888366 0.915503 0.920491 0.923844 0.927256 0.930423 0.933935 0.937476 0.941136 0.947281 0.947281 
0.971388 0.971388 0.966169 0.963076 0.959907 0.956527 0.953293 0.949971 0.946655 0.93759 0.889162 0.761502 0.657857 0.76153 0.812257 0.867108 0.938215 1.03367 1.16017 1.32981 1.55718 1.86669 2.33878 3.17318 4.40906 5.06938 4.40906 3.17318 2.33878 1.86669 1.55718 1.32981 1.16017 1.03367 0.938215 0.867108 0.812257 0.76153 0.657857 0.761502 0.889162 0.93759 0.946655 0.949971 0.953293 0.956527 0.959907 0.963076 0.966169 0.971388 0.971388 
1.00909 1.00909 1.00499 1.0025 0.999515 0.996101 0.992814 0.989256 0.984704 0.96224 0.87091 0.726834 0.695537 0.80578 0.850308 0.908724 0.991405 1.10362 1.2454 1.41558 1.63748 1.99654 2.6245 3.49689 4.2439 4.74447 4.2439 3.49689 2.6245 1.99654 1.63748 1.41558 1.2454 1.10362 0.991405 0.908724 0.850308 0.80578 0.695537 0.726834 0.87091 0.96224 0.984704 0.989256 0.992814 0.996101 0.999515 1.0025 1.00499 1.00909 1.00909 
1.05269 1.05269 1.04945 1.04734 1.04477 1.04171 1.03774 1.03414 1.02568 0.967937 0.821962 0.714368 0.760746 0.860749 0.907929 0.978359 1.07014 1.17791 1.30985 1.50163 1.80473 2.2352 2.74039 3.49661 4.71775 5.12304 4.71775 3.49661 2.74039 2.2352 1.80473 1.50163 1.30985 1.17791 1.07014 0.978359 0.907929 0.860749 0.760746 0.714368 0.821962 0.967937 1.02568 1.03414 1.03774 1.04171 1.04477 1.04733 1.04945 1.05269 1.05269 
1.09344 1.09344 1.0907 1.08932 1.08735 1.08322 1.07979 1.07943 1.04769 0.922598 0.777579 0.768231 0.857594 0.935199 0.977406 1.04193 1.13086 1.26469 1.46274 1.7162 1.98416 2.29493 3.07004 4.17573 3.8976 3.34923 3.8976 4.17573 3.07004 2.29493 1.98416 1.7162 1.46274 1.26469 1.13086 1.04193 0.977406 0.935199 0.857594 0.768231 0.777579 0.922598 1.04769 1.07943 1.07979 1.08322 1.08735 1.08932 1.0907 1.09344 1.09344 
1.12614 1.12614 1.12389 1.12247 1.11885 1.1165 1.12227 1.10841 1.00567 0.848523 0.795143 0.85952 0.932475 0.977773 1.02856 1.13248 1.28672 1.47173 1.64358 1.78326 2.07713 2.86006 3.65935 3.00449 1.77084 1.46347 1.77084 3.00449 3.65935 2.86006 2.07713 1.78326 1.64358 1.47173 1.28672 1.13248 1.02856 0.977773 0.932475 0.85952 0.795143 0.848523 1.00567 1.10841 1.12227 1.1165 1.11885 1.12247 1.12389 1.12614 1.12614 
1.15034 1.15034 1.14756 1.14437 1.14392 1.15291 1.14613 1.05602 0.897246 0.815975 0.86176 0.939598 1.0047 1.08187 1.19582 1.3357 1.45358 1.52884 1.65859 2.06006 2.79539 3.25016 2.51537 1.43474 1.13866 1.10486 1.13866 1.43474 2.51537 3.25016 2.79539 2.06006 1.65859 1.52884 1.45358 1.3357 1.19582 1.08187 1.0047 0.939598 0.86176 0.815975 0.897246 1.05602 1.14613 1.15291 1.14392 1.14437 1.14756 1.15034 1.15034 
1.16813 1.16813 1.16461 1.16489 1.17379 1.16705 1.08496 0.936916 0.854128 0.902872 1.00263 1.09042 1.17134 1.25195 1.31681 1.35651 1.43202 1.68586 2.1926 2.75908 2.83769 2.10211 1.30146 1.11446 1.20125 1.23935 1.20125 1.11446 1.30146 2.10211 2.83769 2.75908 2.1926 1.68586 1.43202 1.35651 1.31681 1.25195 1.17134 1.09042 1.00263 0.902872 0.854128 0.936916 1.08496 1.16705 1.17379 1.16489 1.16461 1.16813 1.16813 
1.18234 1.18234 1.18204 1.18897 1.18304 1.11436 0.990552 0.923213 0.977152 1.07894 1.15285 1.19261 1.20835 1.22224 1.28454 1.48448 1.87462 2.36331 2.63414 2.39581 1.75132 1.2276 1.13338 1.23587 1.25225 1.24005 1.25225 1.23587 1.13338 1.2276 1.75132 2.39581 2.63414 2.36331 1.87462 1.48448 1.28454 1.22224 1.20835 1.19261 1.15285 1.07894 0.977152 0.923213 0.990552 1.11436 1.18304 1.18897 1.18204 1.18234 1.18234 
1.19538 1.19538 1.20217 1.2001 1.14746 1.04623 0.985765 1.02099 1.09089 1.12272 1.12198 1.13063 1.20141 1.38564 1.71004 2.10848 2.38738 2.33697 1.95198 1.4702 1.18199 1.16098 1.23828 1.23949 1.21892 1.2173 1.21892 1.23949 1.23828 1.16098 1.18199 1.4702 1.95198 2.33697 2.38738 2.10848 1.71004 1.38564 1.20141 1.13063 1.12198 1.12272 1.09089 1.02099 0.985764 1.04623 1.14746 1.2001 1.20217 1.19538 1.19538 
1.21289 1.21289 1.21673 1.17206 1.07602 1.00476 1.00775 1.04198 1.05895 1.08392 1.17573 1.37175 1.65962 1.9706 2.19039 2.18972 1.94006 1.56891 1.28192 1.17165 1.18912 1.23685 1.23382 1.21974 1.22262 1.22468 1.22262 1.21974 1.23382 1.23685 1.18912 1.17165 1.28192 1.56891 1.94006 2.18972 2.19039 1.9706 1.65962 1.37175 1.17573 1.08392 1.05895 1.04198 1.00775 1.00476 1.07602 1.17206 1.21673 1.21289 1.21289 
1.2212 1.2212 1.17857 1.07416 0.987048 0.971662 1.00301 1.05987 1.17397 1.38026 1.65435 1.91146 2.05535 2.03717 1.85614 1.57848 1.33002 1.20033 1.18266 1.21532 1.23635 1.22933 1.22165 1.22415 1.2265 1.22628 1.2265 1.22415 1.22165 1.22933 1.23635 1.21532 1.18266 1.20033 1.33002 1.57848 1.85614 2.03717 2.05535 1.91146 1.65435 1.38026 1.17397 1.05987 1.00301 0.971662 0.987048 1.07416 1.17857 1.2212 1.2212 
1.1578 1.1578 1.04907 0.958726 0.953194 1.02403 1.15982 1.36852 1.62458 1.84754 1.95038 1.90305 1.74098 1.53113 1.34086 1.2237 1.18956 1.20519 1.22629 1.23185 1.22679 1.22288 1.2246 1.22578 1.225 1.22479 1.225 1.22578 1.2246 1.22288 1.22679 1.23185 1.22629 1.20519 1.18956 1.2237 1.34086 1.53113 1.74098 1.90305 1.95038 1.84754 1.62458 1.36852 1.15982 1.02403 0.953194 0.958726 1.04907 1.1578 1.1578 
1.03092 1.03092 0.9489 0.981696 1.11653 1.32383 1.56514 1.7685 1.85379 1.79588 1.63888 1.45882 1.31725 1.23215 1.20007 1.20486 1.22078 1.22911 1.22829 1.22481 1.22365 1.22496 1.22542 1.22498 1.22481 1.22485 1.22481 1.22498 1.22542 1.22496 1.22365 1.22481 1.22829 1.22911 1.22078 1.20486 1.20007 1.23215 1.31725 1.45882 1.63888 1.79588 1.85379 1.7685 1.56514 1.32383 1.11653 0.981696 0.9489 1.03092 1.03092 
1.00083 1.00083 1.06427 1.25483 1.4858 1.68084 1.76931 1.71977 1.57315 1.40952 1.28908 1.22601 1.20645 1.20885 1.21886 1.22655 1.22808 1.22591 1.22435 1.22445 1.22506 1.22521 1.22498 1.22492 1.22503 1.22505 1.22503 1.22492 1.22498 1.22521 1.22506 1.22445 1.22435 1.22591 1.22808 1.22655 1.21886 1.20885 1.20645 1.22601 1.28908 1.40952 1.57315 1.71977 1.76931 1.68084 1.4858 1.25483 1.06427 1.00083 1.00083 
1.19127 1.19127 1.39269 1.59168 1.69332 1.66603 1.53935 1.38744 1.2762 1.22213 1.2084 1.21247 1.22003 1.22527 1.22708 1.22619 1.22491 1.22457 1.22486 1.2251 1.2251 1.22497 1.22496 1.22501 1.22502 1.22502 1.22502 1.22501 1.22496 1.22497 1.2251 1.2251 1.22486 1.22457 1.22491 1.22619 1.22708 1.22527 1.22003 1.21247 1.2084 1.22213 1.2762 1.38744 1.53935 1.66603 1.69332 1.59168 1.39269 1.19127 1.19127 
1.46947 1.46947 1.6125 1.62303 1.52403 1.38561 1.27686 1.22285 1.21011 1.21464 1.22136 1.22527 1.22635 1.22592 1.22517 1.22476 1.22482 1.22501 1.22507 1.22502 1.22498 1.22499 1.22501 1.22501 1.22499 1.22499 1.22499 1.22501 1.22501 1.22499 1.22498 1.22502 1.22507 1.22501 1.22482 1.22476 1.22517 1.22592 1.22635 1.22527 1.22136 1.21464 1.21011 1.22285 1.27686 1.38561 1.52404 1.62303 1.6125 1.46947 1.46947 
1.53907 1.53907 1.51087 1.39478 1.28635 1.22826 1.21212 1.21556 1.22195 1.22533 1.22605 1.22565 1.22516 1.22489 1.22487 1.22496 1.22503 1.22503 1.225 1.22499 1.225 1.225 1.225 1.225 1.225 1.225 1.225 1.225 1.225 1.225 1.225 1.22499 1.225 1.22503 1.22503 1.22496 1.22487 1.22489 1.22516 1.22565 1.22605 1.22533 1.22195 1.21556 1.21212 1.22826 1.28635 1.39479 1.51086 1.53907 1.53907 
1.39688 1.39688 1.3071 1.23673 1.21425 1.21607 1.22182 1.22515 1.22589 1.22551 1.22511 1.22493 1.22492 1.22497 1.22501 1.22502 1.225 1.22499 1.225 1.225 1.225 1.225 1.225 1.225 1.225 1.225 1.225 1.225 1.225 1.225 1.225 1.225 1.225 1.22499 1.225 1.22502 1.22501 1.22497 1.22492 1.22493 1.22511 1.22551 1.22589 1.22515 1.22182 1.21607 1.21425 1.23673 1.3071 1.39688 1.39688 
1.26541 1.26541 1.22157 1.21431 1.22099 1.22506 1.22573 1.22542 1.2251 1.22495 1.22494 1.22498 1.225 1.22501 1.22501 1.225 1.225 1.225 1.225 1.225 1.225 1.225 1.225 1.225 1.225 1.225 1.225 1.225 1.225 1.225 1.225 1.225 1.225 1.225 1.225 1.225 1.22501 1.22501 1.225 1.22498 1.22494 1.22495 1.2251 1.22542 1.22573 1.22506 1.22099 1.21431 1.22157 1.26541 1.26541 
1.22525 1.22525 1.21845 1.22352 1.22589 1.22548 1.22506 1.22496 1.22496 1.22498 1.225 1.22501 1.225 1.225 1.225 1.225 1.225 1.225 1.225 1.225 1.225 1.225 1.225 1.225 1.225 1.225 1.225 1.225 1.225 1.225 1.225 1.225 1.225 1.225 1.225 1.225 1.225 1.225 1.225 1.22501 1.225 1.22498 1.22496 1.22496 1.22506 1.22548 1.22589 1.22352 1.21845 1.22525 1.22525 
1.22348 1.22348 1.2243 1.22563 1.22527 1.22493 1.22496 1.22499 1.225 1.225 1.225 1.225 1.225 1.225 1.225 1.225 1.225 1.225 1.225 1.225 1.225 1.225 1.225 1.225 1.225 1.225 1.225 1.225 1.225 1.225 1.225 1.225 1.225 1.225 1.225 1.225 1.225 1.225 1.225 1.225 1.225 1.225 1.225 1.22499 1.22496 1.22493 1.22527 1.22563 1.2243 1.22348 1.22348 
1.22486 1.22486 1.22521 1.22514 1.22495 1.22497 1.225 1.225 1.225 1.225 1.225 1.225 1.225 1.225 1.225 1.225 1.225 1.225 1.225 1.225 1.225 1.225 1.225 1.225 1.225 1.225 1.225 1.225 1.225 1.225 1.225 1.225 1.225 1.225 1.225 1.225 1.225 1.225 1.225 1.225 1.225 1.225 1.225 1.225 1.225 1.22497 1.22495 1.22514 1.22521 1.22486 1.22486 
1.225 1.225 1.225 1.225 1.225 1.225 1.225 1.225 1.225 1.225 1.225 1.225 1.225 1.225 1.225 1.225 1.225 1.225 1.225 1.225 1.225 1.225 1.225 1.225 1.225 1.225 1.225 1.225 1.225 1.225 1.225 1.225 1.225 1.225 1.225 1.225 1.225 1.225 1.225 1.225 1.225 1.225 1.225 1.225 1.225 1.225 1.225 1.225 1.225 1.225 1.225 
