1250.58 868.889 860.051 854.302 848.889 843.573 838.735 833.803 828.78 824.615 817.569 772.117 620.142 666.493 702.878 746.716 794.886 859.291 937.761 1029.94 1135.66 1251.43 1380.91 1501.27 1089.27 0 1089.27 1501.27 1380.91 1251.43 1135.66 1029.94 937.761 859.291 794.886 746.716 702.878 666.493 620.142 772.117 817.569 824.615 828.78 833.803 838.735 843.573 848.889 854.302 860.051 868.889 1250.58 
868.889 868.889 860.051 854.302 848.889 843.573 838.735 833.803 828.78 824.615 817.569 776.416 626.689 670.563 705.946 749.031 795.771 857.152 932.56 1023.08 1127.71 1243.63 1363 1405.76 1003.4 78.3405 1003.4 1405.76 1363 1243.63 1127.71 1023.08 932.56 857.152 795.771 749.031 705.946 670.563 626.689 776.416 817.569 824.615 828.78 833.803 838.735 843.573 848.889 854.302 860.051 868.889 868.889 
880.442 880.442 872.197 866.854 861.752 856.701 852.049 847.299 842.779 837.328 814.795 737.486 620.643 694.119 729.412 773.865 825.62 892.723 973.816 1069.68 1184.35 1322.71 1472.74 1523.32 1146.48 392.26 1146.48 1523.32 1472.74 1322.71 1184.35 1069.68 973.816 892.723 825.62 773.865 729.412 694.119 620.643 737.486 814.795 837.328 842.779 847.299 852.049 856.701 861.752 866.853 872.197 880.442 880.442 
913.003 913.003 906.063 901.548 897.004 892.233 887.626 883.024 878.71 870.401 830.426 723.72 634.088 725.482 758.922 803.666 856.661 925.11 1011.18 1117.18 1240.55 1370.44 1489.03 1500.2 1068.86 490.051 1068.86 1500.2 1489.03 1370.44 1240.55 1117.18 1011.18 925.11 856.661 803.666 758.922 725.482 634.088 723.72 830.426 870.401 878.71 883.024 887.626 892.233 897.004 901.547 906.063 913.003 913.003 
963.636 963.636 958.233 954.579 950.377 945.652 940.955 935.976 930.483 910.504 831.85 705.397 675.593 770.81 800.453 848.028 910.459 991.791 1087.53 1189.64 1303.5 1453.29 1613.4 1589.84 1217.11 839.526 1217.11 1589.84 1613.4 1453.29 1303.5 1189.64 1087.53 991.791 910.459 848.028 800.453 770.81 675.593 705.397 831.85 910.504 930.483 935.976 940.955 945.652 950.377 954.579 958.233 963.636 963.636 
1021.81 1021.81 1017.56 1014.47 1010.79 1006.43 1001.02 995.866 986.889 935.01 804.505 705.451 744.238 828.539 863.197 920.298 988.986 1064.5 1150.31 1266.47 1425.78 1593.25 1675.75 1619.58 1173.93 834.765 1173.93 1619.58 1675.75 1593.25 1425.78 1266.47 1150.31 1064.5 988.986 920.298 863.197 828.539 744.238 705.451 804.505 935.01 986.889 995.866 1001.02 1006.43 1010.79 1014.47 1017.56 1021.81 1021.81 
1075.93 1075.93 1072.31 1070.06 1067.06 1061.82 1057.07 1055.34 1025.67 911.927 778.476 766.502 843.036 906.723 938.288 988.502 1054.28 1151.99 1286.99 1438.59 1562.01 1649.58 1815.52 1733.48 1417.52 1410.25 1417.52 1733.48 1815.52 1649.58 1562.01 1438.59 1286.99 1151.99 1054.28 988.502 938.288 906.723 843.036 766.502 778.476 911.927 1025.67 1055.34 1057.07 1061.82 1067.06 1070.06 1072.31 1075.93 1075.93 
1119.18 1119.18 1116.05 1113.83 1109.4 1106.1 1110.46 1097.01 1002.57 857.636 805.863 860.529 920.864 956.452 997.569 1082.84 1202.6 1336.4 1444.63 1510.02 1650.49 1953.96 2072.2 1699.84 1444.42 1401.81 1444.42 1699.84 2072.2 1953.96 1650.49 1510.02 1444.63 1336.4 1202.6 1082.84 997.569 956.452 920.864 860.529 805.863 857.636 1002.57 1097.01 1110.46 1106.1 1109.4 1113.83 1116.05 1119.18 1119.18 
1151.12 1151.12 1147.44 1143.56 1142.25 1149.75 1142.67 1059.1 912.277 835.697 875.333 942.536 997.878 1064.16 1159.79 1271.69 1356.85 1399.8 1479.74 1722.27 2082.85 2209.46 1803.01 1377.04 1247.62 1196.76 1247.62 1377.04 1803.01 2209.46 2082.85 1722.27 1479.74 1399.8 1356.85 1271.69 1159.79 1064.16 997.878 942.536 875.333 835.697 912.277 1059.1 1142.67 1149.75 1142.25 1143.56 1147.44 1151.12 1151.12 
1174.8 1174.8 1170.44 1169.86 1177.3 1170.04 1093.39 956.401 879.758 924.533 1014.19 1090.61 1159.77 1226.68 1276 1300.41 1354.65 1537.93 1860.79 2173.32 2165.38 1733.67 1319.71 1197.69 1214.74 1245.72 1214.74 1197.69 1319.71 1733.67 2165.38 2173.32 1860.79 1537.93 1354.65 1300.41 1276 1226.68 1159.77 1090.61 1014.19 924.533 879.758 956.401 1093.39 1170.04 1177.3 1169.86 1170.44 1174.8 1174.8 
1193.87 1193.87 1192.71 1198.45 1192.23 1128.08 1013.75 952.19 1002.34 1094.42 1158.2 1189.9 1199.27 1206.86 1257.39 1414.87 1697.04 2021.09 2171.8 1993.19 1589.34 1272.49 1190.8 1247.6 1273.04 1265.22 1273.04 1247.6 1190.8 1272.49 1589.34 1993.19 2171.8 2021.09 1697.04 1414.87 1257.39 1206.86 1199.27 1189.9 1158.2 1094.42 1002.34 952.19 1013.75 1128.08 1192.23 1198.45 1192.71 1193.87 1193.87 
1210.66 1210.66 1216.73 1214.44 1165.57 1072.04 1016.39 1048.59 1110.84 1136.1 1131.87 1137.68 1199.14 1351.02 1602.49 1893.32 2078.65 2024.19 1753.29 1430.24 1233.61 1201.96 1256.64 1262.71 1247.3 1245.12 1247.3 1262.71 1256.64 1201.96 1233.61 1430.24 1753.29 2024.19 2078.65 1893.32 1602.49 1351.02 1199.14 1137.68 1131.87 1136.1 1110.84 1048.59 1016.39 1072.04 1165.57 1214.44 1216.73 1210.66 1210.66 
1230.41 1230.41 1234.37 1192.61 1103.44 1037.13 1038.86 1068.16 1080.87 1102.61 1184.34 1350.14 1581.14 1819.39 1977.12 1964.42 1775.6 1508.82 1305.1 1217.13 1219.7 1258.08 1257.63 1247.16 1248.28 1249.98 1248.28 1247.16 1257.63 1258.08 1219.7 1217.13 1305.1 1508.82 1775.6 1964.42 1977.12 1819.39 1581.14 1350.14 1184.34 1102.61 1080.87 1068.16 1038.86 1037.13 1103.44 1192.61 1234.37 1230.41 1230.41 
1240.46 1240.46 1200.13 1103.04 1021.32 1006.18 1033.91 1085.57 1188.21 1366.15 1591.73 1793.52 1898.76 1877.54 1735.37 1525.16 1339.32 1238.4 1218.25 1241.55 1258.86 1254.03 1248.21 1249.8 1251.71 1251.61 1251.71 1249.8 1248.21 1254.03 1258.86 1241.55 1218.25 1238.4 1339.32 1525.16 1735.37 1877.54 1898.76 1793.52 1591.73 1366.15 1188.21 1085.57 1033.91 1006.18 1021.32 1103.04 1200.13 1240.46 1240.46 
1182.37 1182.37 1078.09 995.565 989.933 1055.98 1179.78 1363 1578.34 1757.02 1832.91 1789.9 1660.46 1496.69 1348.48 1255.12 1224.16 1234.22 1250.9 1255.65 1252.2 1249.04 1250.25 1251.15 1250.61 1250.43 1250.61 1251.15 1250.25 1249.04 1252.2 1255.65 1250.9 1234.22 1224.16 1255.12 1348.48 1496.69 1660.46 1789.9 1832.91 1757.02 1578.34 1363 1179.78 1055.98 989.933 995.565 1078.09 1182.37 1182.37 
1063.8 1063.8 984.759 1018.94 1143.18 1328.66 1535.97 1702.57 1766.71 1715.27 1587.61 1443.91 1330.7 1260.62 1232.08 1234.27 1246.69 1253.44 1253.16 1250.53 1249.55 1250.55 1250.89 1250.57 1250.43 1250.46 1250.43 1250.57 1250.89 1250.55 1249.55 1250.53 1253.16 1253.44 1246.69 1234.27 1232.08 1260.62 1330.7 1443.91 1587.61 1715.27 1766.71 1702.57 1535.97 1328.66 1143.18 1018.94 984.759 1063.8 1063.8 
1035.51 1035.51 1096.23 1270.59 1472.81 1636.42 1705.48 1660.48 1539.15 1406.1 1307.69 1254.53 1236.64 1237.46 1245.28 1251.53 1252.95 1251.33 1250.11 1250.17 1250.61 1250.73 1250.56 1250.52 1250.6 1250.62 1250.6 1250.52 1250.56 1250.73 1250.61 1250.17 1250.11 1251.33 1252.95 1251.53 1245.28 1237.46 1236.64 1254.53 1307.69 1406.1 1539.15 1660.48 1705.48 1636.42 1472.81 1270.59 1096.23 1035.51 1035.51 
1210.3 1210.3 1396.96 1565.31 1647.73 1621.22 1514.37 1388.83 1296.66 1250.5 1237.63 1240.26 1246.27 1250.58 1252.17 1251.53 1250.54 1250.27 1250.47 1250.65 1250.65 1250.56 1250.55 1250.59 1250.6 1250.59 1250.6 1250.59 1250.55 1250.56 1250.65 1250.65 1250.47 1250.27 1250.54 1251.53 1252.17 1250.58 1246.27 1240.26 1237.63 1250.5 1296.67 1388.83 1514.37 1621.22 1647.73 1565.31 1396.96 1210.3 1210.3 
1459.21 1459.21 1587.52 1588.07 1503.85 1387.97 1296.86 1250.63 1238.75 1241.93 1247.37 1250.64 1251.61 1251.32 1250.73 1250.41 1250.44 1250.59 1250.63 1250.6 1250.57 1250.57 1250.59 1250.58 1250.58 1250.57 1250.58 1250.58 1250.59 1250.57 1250.57 1250.6 1250.63 1250.59 1250.44 1250.41 1250.73 1251.32 1251.61 1250.64 1247.37 1241.93 1238.75 1250.63 1296.86 1387.97 1503.85 1588.07 1587.52 1459.21 1459.21 
1521.66 1521.66 1496.2 1395.31 1304.79 1255.05 1240.29 1242.66 1247.87 1250.73 1251.4 1251.1 1250.72 1250.5 1250.48 1250.55 1250.6 1250.6 1250.58 1250.57 1250.58 1250.58 1250.58 1250.58 1250.58 1250.58 1250.58 1250.58 1250.58 1250.58 1250.58 1250.57 1250.58 1250.6 1250.6 1250.55 1250.48 1250.5 1250.72 1251.1 1251.4 1250.73 1247.87 1242.66 1240.29 1255.05 1304.79 1395.31 1496.2 1521.66 1521.66 
1400.8 1400.8 1320.71 1262.15 1242.28 1243.07 1247.78 1250.61 1251.28 1251 1250.68 1250.53 1250.52 1250.55 1250.59 1250.59 1250.58 1250.58 1250.58 1250.58 1250.58 1250.58 1250.58 1250.58 1250.58 1250.58 1250.58 1250.58 1250.58 1250.58 1250.58 1250.58 1250.58 1250.58 1250.58 1250.59 1250.59 1250.55 1250.52 1250.53 1250.68 1251 1251.28 1250.61 1247.78 1243.07 1242.28 1262.15 1320.71 1400.8 1400.8 
1287.13 1287.13 1247.08 1242.13 1247.14 1250.47 1251.16 1250.93 1250.67 1250.54 1250.54 1250.56 1250.58 1250.59 1250.58 1250.58 1250.58 1250.58 1250.58 1250.58 1250.58 1250.58 1250.58 1250.58 1250.58 1250.58 1250.58 1250.58 1250.58 1250.58 1250.58 1250.58 1250.58 1250.58 1250.58 1250.58 1250.58 1250.59 1250.58 1250.56 1250.54 1250.54 1250.67 1250.93 1251.16 1250.47 1247.14 1242.13 1247.08 1287.13 1287.13 
1251.22 1251.22 1244.65 1249.47 1251.25 1250.95 1250.65 1250.55 1250.55 1250.57 1250.58 1250.58 1250.58 1250.58 1250.58 1250.58 1250.58 1250.58 1250.58 1250.58 1250.58 1250.58 1250.58 1250.58 1250.58 1250.58 1250.58 1250.58 1250.58 1250.58 1250.58 1250.58 1250.58 1250.58 1250.58 1250.58 1250.58 1250.58 1250.58 1250.58 1250.58 1250.57 1250.55 1250.55 1250.65 1250.95 1251.25 1249.47 1244.65 1251.22 1251.22 
1249.27 1249.27 1249.93 1251.12 1250.79 1250.53 1250.55 1250.57 1250.58 1250.58 1250.58 1250.58 1250.58 1250.58 1250.58 1250.58 1250.58 1250.58 1250.58 1250.58 1250.58 1250.58 1250.58 1250.58 1250.58 1250.58 1250.58 1250.58 1250.58 1250.58 1250.58 1250.58 1250.58 1250.58 1250.58 1250.58 1250.58 1250.58 1250.58 1250.58 1250.58 1250.58 1250.58 1250.57 1250.55 1250.53 1250.79 1251.12 1249.93 1249.27 1249.27 
1250.45 1250.45 1250.76 1250.69 1250.54 1250.56 1250.58 1250.58 1250.58 1250.58 1250.58 1250.58 1250.58 1250.58 1250.58 1250.58 1250.58 1250.58 1250.58 1250.58 1250.58 1250.58 1250.58 1250.58 1250.58 1250.58 1250.58 1250.58 1250.58 1250.58 1250.58 1250.58 1250.58 1250.58 1250.58 1250.58 1250.58 1250.58 1250.58 1250.58 1250.58 1250.58 1250.58 1250.58 1250.58 1250.56 1250.54 1250.69 1250.76 1250.45 1250.45 
1250.58 1250.58 1250.58 1250.58 1250.58 1250.58 1250.58 1250.58 1250.58 1250.58 1250.58 1250.58 1250.58 1250.58 1250.58 1250.58 1250.58 1250.58 1250.58 1250.58 1250.58 1250.58 1250.58 1250.58 1250.58 1250.58 1250.58 1250.58 1250.58 1250.58 1250.58 1250.58 1250.58 1250.58 1250.58 1250.58 1250.58 1250.58 1250.58 1250.58 1250.58 1250.58 1250.58 1250.58 1250.58 1250.58 1250.58 1250.58 1250.58 1250.58 1250.58 
