0 9.37976e-06 -1.78815e-05 -1.45235e-06 3.38071e-08 -8.74304e-08 2.70952e-06 -6.65323e-07 -1.16948e-06 5.24772e-07 1.09856e-07 1.32201e-09 77.8671 73.2176 66.4778 57.9206 45.2153 26.5152 -1.9248 -44.9981 -110.365 -211.901 -383.236 -715.872 -1142.09 4.71964e-08 1142.09 715.872 383.236 211.901 110.365 44.9981 1.9248 -26.5152 -45.2153 -57.9206 -66.4778 -73.2176 -77.8671 1.32201e-09 1.09856e-07 5.24772e-07 -1.16948e-06 -6.65323e-07 2.70952e-06 -8.74304e-08 3.38071e-08 -1.45235e-06 -1.78815e-05 9.37976e-06 0 
0.0666751 0.0666751 0.0999419 0.0917057 0.0952719 0.101917 0.124756 0.164204 0.0927918 0.0502301 4.72233 30.5611 88.294 66.8066 57.6682 48.1005 33.1078 10.9015 -22.4858 -71.4313 -141.66 -247.184 -434.902 -801.739 -1223.47 5.01473e-08 1223.47 801.739 434.902 247.184 141.66 71.4313 22.4858 -10.9015 -33.1078 -48.1005 -57.6682 -66.8066 -88.294 -30.5611 -4.72233 -0.050229 -0.0927942 -0.164205 -0.12475 -0.101917 -0.0952718 -0.0917086 -0.0999776 -0.0666564 -0.0666564 
0.135679 0.135679 0.203147 0.186791 0.194139 0.191093 0.236871 0.325071 0.1728 0.173104 7.12661 38.7864 86.8687 66.2446 56.3953 45.5711 29.154 5.18715 -29.4539 -79.3769 -155.071 -280.001 -498.286 -838.817 -1111.47 3.49534e-08 1111.47 838.817 498.286 280.001 155.071 79.3769 29.4539 -5.18715 -29.154 -45.5711 -56.3953 -66.2446 -86.8687 -38.7864 -7.12661 -0.173104 -0.172802 -0.325072 -0.236867 -0.191095 -0.194134 -0.186795 -0.20319 -0.13566 -0.13566 
0.18764 0.18764 0.285642 0.249712 0.24039 0.2402 0.318233 0.351897 0.167405 2.1706 18.3883 58.7588 85.36 60.7922 50.2834 38.0615 19.7634 -7.03138 -47.2076 -107.71 -196.65 -326.152 -537.051 -907.599 -1139.73 1.36319e-08 1139.73 907.599 537.051 326.152 196.65 107.71 47.2076 7.03138 -19.7634 -38.0615 -50.2834 -60.7922 -85.36 -58.7588 -18.3883 -2.1706 -0.167408 -0.351896 -0.318231 -0.240205 -0.240381 -0.249712 -0.285691 -0.187628 -0.187628 
0.191507 0.191507 0.29231 0.234345 0.256124 0.252587 0.253128 0.246814 0.176618 5.84088 34.5197 75.7011 81.3916 56.2747 46.3085 32.0707 9.25808 -25.1045 -72.8769 -134.485 -220.891 -376.662 -668.78 -1000.86 -900.587 2.05516e-08 900.587 1000.86 668.78 376.662 220.891 134.485 72.8769 25.1045 -9.25808 -32.0707 -46.3085 -56.2747 -81.3916 -75.7011 -34.5197 -5.84088 -0.17662 -0.246811 -0.253127 -0.252595 -0.256107 -0.234345 -0.292369 -0.191498 -0.191498 
0.151107 0.151107 0.261326 0.229803 0.19153 0.0412587 0.18825 0.0714731 1.14101 18.3074 61.2036 85.7867 73.3445 49.319 37.1791 17.3879 -10.2232 -44.758 -90.6808 -165.942 -301.064 -500.756 -711.228 -974.048 -1061.55 2.19876e-08 1061.55 974.048 711.228 500.756 301.064 165.942 90.6808 44.758 10.2232 -17.3879 -37.1791 -49.319 -73.3445 -85.7867 -61.2036 -18.3074 -1.14101 -0.0714695 -0.18825 -0.0412672 -0.191509 -0.229803 -0.261393 -0.151101 -0.151101 
0.122162 0.122162 0.228542 0.0550333 -0.0547588 0.296061 0.329844 -0.961341 7.7694 45.3719 82.2523 80.1134 57.922 37.4521 26.1831 7.56306 -20.096 -67.4321 -147.681 -258.143 -374.381 -505.165 -884.679 -1315.32 -613.037 3.37622e-08 613.037 1315.32 884.679 505.165 374.381 258.143 147.681 67.4321 20.096 -7.56306 -26.1831 -37.4521 -57.922 -80.1134 -82.2523 -45.3719 -7.7694 0.961344 -0.329845 -0.296068 0.0547819 -0.0550378 -0.228614 -0.122155 -0.122155 
0.0676963 0.0676963 0.0427082 -0.0580329 0.582071 0.498797 -2.55985 0.819837 32.7003 75.7369 84.5906 67.131 48.042 35.6239 21.1387 -13.1348 -70.4682 -144.314 -213.765 -269.484 -407.517 -839.281 -1234.55 -663.529 -45.8337 7.21306e-09 45.8337 663.529 1234.55 839.281 407.517 269.484 213.765 144.314 70.4682 13.1348 -21.1387 -35.6239 -48.042 -67.131 -84.5906 -75.7369 -32.7003 -0.819834 2.55985 -0.498802 -0.582048 0.058023 -0.0427812 -0.0676855 -0.0676855 
-0.0325689 -0.0325689 0.112816 0.585903 0.189566 -3.83244 -2.72091 25.6911 71.0992 88.6432 75.5074 55.307 35.9905 11.0702 -28.2336 -78.5691 -121.9 -149.768 -204.116 -409.015 -819.603 -1042.38 -553.416 -22.1485 11.1318 -2.20617e-09 -11.1318 22.1485 553.416 1042.38 819.603 409.015 204.116 149.768 121.9 78.5691 28.2336 -11.0702 -35.9905 -55.307 -75.5074 -88.6432 -71.0992 -25.6911 2.72091 3.83244 -0.189544 -0.585917 -0.112888 0.0325841 0.0325841 
0.0428051 0.0428051 0.502721 -0.316177 -3.968 -2.70587 22.9008 65.8727 85.2459 70.8517 44.0086 16.8048 -9.86346 -36.2512 -57.7226 -71.0842 -99.5877 -217.576 -482.499 -783.491 -802.513 -375.739 0.821193 18.1682 -4.53506 1.0233e-09 4.53506 -18.1682 -0.821193 375.739 802.513 783.491 482.499 217.576 99.5877 71.0842 57.7226 36.2512 9.86346 -16.8048 -44.0086 -70.8517 -85.2459 -65.8727 -22.9008 2.70587 3.96802 0.31616 -0.502792 -0.0427852 -0.0427852 
0.257382 0.257382 -0.116372 -3.21039 -1.78115 19.7778 56.1569 72.3784 55.9765 28.2731 6.09472 -6.47483 -11.416 -15.6287 -37.5828 -123.464 -311.452 -556.491 -688.318 -549.586 -210.679 17.6867 17.3003 -4.59239 1.55386 -1.23242e-10 -1.55386 4.59239 -17.3003 -17.6867 210.679 549.586 688.318 556.491 311.452 123.464 37.5828 15.6287 11.416 6.47483 -6.09472 -28.2731 -55.9765 -72.3784 -56.1569 -19.7778 1.78117 3.21037 0.116299 -0.257359 -0.257359 
-0.0442151 -0.0442151 -2.36718 -2.43087 14.3056 44.8003 60.1534 49.1983 30.5847 21.3383 21.0924 18.6659 -6.08237 -81.5217 -226.56 -412.741 -545.005 -513.161 -314.345 -86.3004 23.9832 10.7745 -4.26109 -0.277834 0.323958 -4.88844e-10 -0.323958 0.277834 4.26109 -10.7745 -23.9832 86.3004 314.345 513.161 545.005 412.741 226.56 81.5217 6.08237 -18.6659 -21.0924 -21.3383 -30.5847 -49.1983 -60.1534 -44.8003 -14.3056 2.43085 2.36711 0.0442391 0.0442391 
-3.32912 -3.32912 -4.18569 9.65506 38.8118 58.3006 56.4512 47.4009 42.439 34.6253 2.33072 -74.9307 -196.388 -333.504 -433.663 -430.032 -305.65 -131.331 -12.2938 17.976 5.29358 -3.01323 -0.439988 0.518962 -0.446641 -3.61057e-10 0.446641 -0.518962 0.439988 3.01323 -5.29358 -17.976 12.2938 131.331 305.65 430.032 433.663 333.504 196.388 74.9307 -2.33072 -34.6253 -42.439 -47.4009 -56.4512 -58.3006 -38.8117 -9.65509 4.18562 3.32915 3.32915 
-5.48097 -5.48097 9.56401 40.9283 64.4058 67.7375 59.2684 42.6476 3.87663 -74.0887 -185.169 -294.832 -358.223 -348.06 -262.229 -136.216 -32.8446 10.8572 10.9182 1.41416 -2.55035 -0.16395 0.397785 -0.127005 0.06854 -2.46669e-10 -0.06854 0.127005 -0.397785 0.16395 2.55035 -1.41416 -10.9182 -10.8572 32.8446 136.216 262.229 348.06 358.223 294.832 185.169 74.0887 -3.87663 -42.6476 -59.2684 -67.7374 -64.4058 -40.9283 -9.5641 5.48101 5.48101 
14.2762 14.2762 48.9031 72.9228 72.7946 53.4431 10.6655 -64.4599 -164.846 -257.595 -301.714 -279.257 -206.15 -115.371 -38.4372 2.69752 10.4554 4.61692 -0.58063 -1.41769 -0.0696761 0.251317 -0.051739 -0.00587557 0.0635496 -2.87288e-10 -0.0635496 0.00587557 0.051739 -0.251317 0.0696761 1.41769 0.58063 -4.61692 -10.4554 -2.69752 38.4372 115.371 206.15 279.257 301.714 257.595 164.846 64.4599 -10.6655 -53.4431 -72.7946 -72.9228 -48.9032 -14.2762 -14.2762 
52.2875 52.2875 75.4659 65.4635 25.3713 -44.3681 -135.264 -217.698 -253.269 -227.117 -159.115 -84.6984 -30.4293 -1.15913 7.78117 5.35616 0.837707 -1.02086 -0.549872 0.0720332 0.171457 -0.0455537 -0.00930606 0.0190782 -0.0230328 -2.95902e-10 0.0230328 -0.0190782 0.00930606 0.0455537 -0.171457 -0.0720332 0.549872 1.02086 -0.837707 -5.35616 -7.78117 1.15913 30.4293 84.6984 159.115 227.117 253.269 217.698 135.264 44.3681 -25.3713 -65.4634 -75.4659 -52.2875 -52.2875 
61.6098 61.6098 40.9498 -18.8707 -100.8 -177.446 -213.445 -191.692 -130.219 -64.9309 -20.5165 0.26299 5.68008 4.55022 1.52736 -0.444373 -0.641701 -0.143527 0.108708 0.0712581 -0.0179613 -0.00580643 0.00714278 -0.00809045 -0.00675108 -2.11747e-10 0.00675108 0.00809045 -0.00714278 0.00580643 0.0179613 -0.0712581 -0.108708 0.143527 0.641701 0.444373 -1.52736 -4.55022 -5.68008 -0.26299 20.5165 64.9309 130.219 191.692 213.445 177.446 100.8 18.8708 -40.9497 -61.6099 -61.6099 
3.94107 3.94107 -66.3672 -139.129 -178.992 -167.759 -115.726 -56.3562 -16.2501 1.17806 4.94798 3.54205 1.33256 -0.0651296 -0.475934 -0.24627 0.0162743 0.0683173 0.0126162 -0.0112674 -0.00442049 0.00474149 -0.00267624 -0.000461652 0.00401662 -1.36346e-10 -0.00401662 0.000461652 0.00267624 -0.00474149 0.00442049 0.0112674 -0.0126162 -0.0683173 -0.0162743 0.24627 0.475934 0.0651295 -1.33256 -3.54205 -4.94798 -1.17805 16.2501 56.3562 115.726 167.759 178.992 139.129 66.3672 -3.94095 -3.94095 
-90.6933 -90.6933 -146.018 -148.976 -108.739 -55.7482 -16.6309 0.855006 4.37861 2.94198 1.01594 -0.0400164 -0.314781 -0.216683 -0.0422286 0.0439608 0.0270903 -0.00279096 -0.00647512 -0.00100917 0.00102079 -0.00113353 0.000122363 0.00168542 0.000714623 -1.60802e-10 -0.000714624 -0.00168542 -0.000122363 0.00113353 -0.00102079 0.00100917 0.00647512 0.00279097 -0.0270903 -0.0439608 0.0422286 0.216683 0.314781 0.0400168 -1.01594 -2.94198 -4.37861 -0.855008 16.6309 55.7483 108.739 148.976 146.018 90.6933 90.6933 
-115.144 -115.144 -103.634 -58.944 -19.9462 -0.911318 3.80071 2.69998 0.878814 -0.0490278 -0.251793 -0.161466 -0.0431798 0.0182381 0.0242731 0.00626015 -0.00373575 -0.00220597 0.000343627 0.000169097 -0.000240539 -1.73399e-05 0.000375661 -0.000253457 -0.00054123 -2.4346e-10 0.00054123 0.000253456 -0.000375661 1.73399e-05 0.00024054 -0.000169097 -0.000343626 0.00220597 0.00373574 -0.00626016 -0.0242731 -0.0182381 0.0431797 0.161466 0.251793 0.049026 -0.878812 -2.69998 -3.80073 0.9113 19.9463 58.9441 103.634 115.144 115.144 
-61.0859 -61.0859 -26.4582 -3.36182 2.93696 2.61737 0.953523 -0.0156603 -0.217187 -0.130691 -0.0336207 0.0112347 0.0162681 0.00738027 -0.000532812 -0.00226235 -0.000425733 0.000358295 5.62487e-05 -1.57304e-05 0.000101143 0.000115152 -0.000146617 -0.000234682 -9.08212e-05 -2.89534e-10 9.08206e-05 0.000234682 0.000146616 -0.000115152 -0.000101142 1.5731e-05 -5.62479e-05 -0.000358292 0.000425734 0.00226235 0.000532819 -0.00738025 -0.0162682 -0.0112346 0.0336211 0.13069 0.217186 0.0156659 -0.953522 -2.6174 -2.93697 3.3619 26.4582 61.0857 61.0857 
-13.8813 -13.8813 1.78303 3.13836 0.975647 0.0802697 -0.164521 -0.123553 -0.0304001 0.00943022 0.0119261 0.0053373 0.000299712 -0.00130792 -0.000767267 2.89099e-05 0.00014929 1.5506e-05 2.89368e-05 6.09692e-05 1.79172e-05 -2.96929e-05 -1.4681e-05 5.48776e-05 6.16343e-05 -2.81307e-10 -6.16348e-05 -5.4878e-05 1.46809e-05 2.96932e-05 -1.79163e-05 -6.0968e-05 -2.89356e-05 -1.55044e-05 -0.000149289 -2.89139e-05 0.000767265 0.00130795 -0.000299728 -0.00533734 -0.0119259 -0.0094303 0.030399 0.123554 0.164526 -0.0802745 -0.975668 -3.13835 -1.78295 13.8813 13.8813 
-0.209124 -0.209124 2.06868 0.401367 -0.250781 -0.10638 -0.0242744 0.00305014 0.00959888 0.00449225 0.000205067 -0.000864988 -0.000567628 -0.000126732 8.0786e-05 5.582e-05 -2.67332e-06 4.75157e-06 9.2283e-06 -6.78239e-06 -8.48803e-06 9.00915e-06 3.20529e-05 3.19714e-05 1.44206e-05 -2.70412e-10 -1.44211e-05 -3.19717e-05 -3.20529e-05 -9.00861e-06 8.4892e-06 6.7839e-06 -9.22706e-06 -4.75084e-06 2.67371e-06 -5.58209e-05 -8.07865e-05 0.000126745 0.000567637 0.000864943 -0.000205038 -0.00449211 -0.00959924 -0.00305058 0.0242763 0.106383 0.250773 -0.401378 -2.06866 0.20914 0.20914 
0.472723 0.472723 0.204111 -0.178749 -0.0663273 0.0144758 0.00782636 0.00256576 0.000595437 -0.000596268 -0.000437742 -8.34582e-05 4.10747e-05 4.29505e-05 1.23784e-05 -4.66705e-06 -3.71867e-06 -5.18833e-06 -8.09844e-06 -2.97287e-06 4.8834e-06 7.57808e-06 3.06448e-06 -3.49197e-06 -4.3438e-06 -2.59682e-10 4.34346e-06 3.49178e-06 -3.0644e-06 -7.57737e-06 -4.88204e-06 2.97428e-06 8.09917e-06 5.18833e-06 3.71848e-06 4.66761e-06 -1.23758e-05 -4.29429e-05 -4.10705e-05 8.34311e-05 0.000437725 0.000596348 -0.000595462 -0.00256593 -0.00782591 -0.0144753 0.0663252 0.178747 -0.204106 -0.472718 -0.472718 
0.0480238 0.0480238 -0.064658 -0.0377558 0.014642 0.00682572 -0.00120304 -0.000322909 -0.000121942 -0.000137172 1.85595e-05 3.90063e-05 9.43023e-06 -1.4642e-06 -2.37311e-06 -1.3045e-06 -1.58875e-06 -2.47395e-06 -1.3211e-06 7.74006e-07 1.45429e-06 2.5879e-07 -1.72829e-06 -2.49883e-06 -1.58324e-06 -1.88112e-10 1.58303e-06 2.49874e-06 1.72844e-06 -2.58087e-07 -1.45319e-06 -7.73267e-07 1.32105e-06 2.47362e-06 1.58901e-06 1.30617e-06 2.37609e-06 1.46666e-06 -9.43655e-06 -3.90298e-05 -1.85525e-05 0.000137266 0.000121974 0.000323012 0.00120316 -0.0068292 -0.0146442 0.037776 0.0646705 -0.0480552 -0.0480552 
0 0 0 0 0 0 0 0 0 0 0 0 0 0 0 0 0 0 0 0 0 0 0 0 0 0 0 0 0 0 0 0 0 0 0 0 0 0 0 0 0 0 0 0 0 0 0 0 0 0 0 
