891660 656676 651246 647874 644623 641459 638597 635561 632359 629826 624736 585353 455112 499277 527885 565112 606779 663761 736099 826761 942217 1.09438e+06 1.32849e+06 1.76338e+06 2.46785e+06 2.94018e+06 2.46785e+06 1.76338e+06 1.32849e+06 1.09438e+06 942217 826761 736099 663761 606779 565112 527885 499277 455112 585353 624736 629826 632359 635561 638597 641459 644623 647874 651246 656676 891660 
656676 656676 651246 647874 644623 641459 638597 635561 632359 629826 624736 589826 462566 502483 530007 566602 607041 661541 731782 822225 938612 1.09341e+06 1.32682e+06 1.73642e+06 2.46947e+06 2.94083e+06 2.46947e+06 1.73642e+06 1.32682e+06 1.09341e+06 938612 822225 731782 661541 607041 566602 530007 502483 462566 589826 624736 629826 632359 635561 638597 641459 644623 647874 651246 656676 656676 
663720 663720 658652 655526 652466 649470 646726 643822 641037 637337 618808 553765 458530 520731 548537 586525 631415 691353 767397 863778 992009 1.17779e+06 1.46981e+06 1.92132e+06 2.54619e+06 2.90877e+06 2.54619e+06 1.92132e+06 1.46981e+06 1.17779e+06 992009 863778 767397 691353 631415 586525 548537 520731 458530 553765 618808 637337 641037 643822 646726 649470 652466 655526 658652 663720 663720 
683617 683617 679345 676726 674019 671188 668463 665718 663178 657218 624638 537633 468263 542088 569092 607381 653191 714380 795301 902815 1.0433e+06 1.2261e+06 1.49419e+06 1.96717e+06 2.65446e+06 2.97271e+06 2.65446e+06 1.96717e+06 1.49419e+06 1.2261e+06 1.0433e+06 902815 795301 714380 653191 607381 569092 542088 468263 537633 624638 657218 663178 665718 668463 671188 674019 676726 679345 683617 683617 
714655 714655 711329 709234 706712 703893 701151 698214 694865 679588 616422 517383 497548 572827 597369 637944 691898 765086 855957 961411 1.09536e+06 1.31278e+06 1.68975e+06 2.17288e+06 2.5196e+06 2.76202e+06 2.5196e+06 2.17288e+06 1.68975e+06 1.31278e+06 1.09536e+06 961411 855957 765086 691898 637944 597369 572827 497548 517383 616422 679588 694865 698214 701151 703893 706712 709234 711329 714655 714655 
750451 750451 747823 746037 743861 741316 738026 735062 729198 688782 586582 513078 545554 611995 641162 689648 749059 817446 899942 1.02113e+06 1.21316e+06 1.47391e+06 1.75079e+06 2.16007e+06 2.85901e+06 3.01584e+06 2.85901e+06 2.16007e+06 1.75079e+06 1.47391e+06 1.21316e+06 1.02113e+06 899942 817446 749059 689648 641162 611995 545554 513078 586582 688782 729198 735062 738026 741316 743861 746037 747823 750452 750452 
783843 783843 781595 780378 778651 775258 772401 772237 750041 661658 561189 555848 615870 666600 693169 735632 792420 880503 1.01135e+06 1.17342e+06 1.33175e+06 1.50342e+06 1.98242e+06 2.64114e+06 2.3182e+06 1.98358e+06 2.3182e+06 2.64114e+06 1.98242e+06 1.50342e+06 1.33175e+06 1.17342e+06 1.01135e+06 880503 792420 735632 693169 666600 615870 555848 561189 661658 750041 772237 772401 775258 778651 780378 781595 783843 783843 
810624 810624 808738 807467 804469 802477 806819 797288 724100 614217 578535 621809 668944 697782 731618 803071 907563 1.02997e+06 1.1364e+06 1.21405e+06 1.39485e+06 1.90633e+06 2.37863e+06 1.86483e+06 1.13103e+06 988273 1.13103e+06 1.86483e+06 2.37863e+06 1.90633e+06 1.39485e+06 1.21405e+06 1.1364e+06 1.02997e+06 907563 803071 731618 697782 668944 621809 578535 614217 724100 797288 806819 802477 804469 807467 808738 810624 810624 
830482 830482 828176 825571 825041 831674 826923 762174 650403 595261 626781 678419 722554 776564 855496 949601 1.0241e+06 1.06614e+06 1.14643e+06 1.41711e+06 1.90211e+06 2.16093e+06 1.6316e+06 977141 852328 840845 852328 977141 1.6316e+06 2.16093e+06 1.90211e+06 1.41711e+06 1.14643e+06 1.06614e+06 1.0241e+06 949601 855496 776564 722554 678419 626781 595261 650403 762174 826923 831674 825041 825571 828176 830482 830482 
845174 845174 842315 842347 848808 843826 784675 680431 624730 660019 728417 788600 844108 897975 938630 960131 1.00812e+06 1.18309e+06 1.52648e+06 1.89275e+06 1.91495e+06 1.40766e+06 920975 843665 883195 895704 883195 843665 920975 1.40766e+06 1.91495e+06 1.89275e+06 1.52648e+06 1.18309e+06 1.00812e+06 960131 938630 897975 844108 788600 728417 660019 624730 680431 784675 843826 848808 842347 842315 845174 845174 
856907 856907 856480 861418 857111 807820 720964 676278 715461 785108 834363 859607 867501 873979 915974 1.05547e+06 1.32318e+06 1.64833e+06 1.8137e+06 1.63492e+06 1.20525e+06 887921 848658 895095 902423 899755 902423 895095 848658 887921 1.20525e+06 1.63492e+06 1.8137e+06 1.64833e+06 1.32318e+06 1.05547e+06 915974 873979 867501 859607 834363 785108 715461 676277 720964 807820 857111 861418 856480 856907 856907 
867342 867342 872479 871043 833585 762545 721772 746957 793536 812741 810046 815001 865022 994269 1.21764e+06 1.48601e+06 1.6652e+06 1.61683e+06 1.35123e+06 1.03913e+06 865929 859715 897381 898861 889470 887876 889470 898861 897381 859715 865929 1.03913e+06 1.35123e+06 1.61683e+06 1.6652e+06 1.48601e+06 1.21764e+06 994269 865022 815001 810046 812741 793536 746957 721772 762545 833585 871043 872479 867342 867342 
880906 880906 884378 852301 784444 735267 737255 759062 768790 786147 851830 989279 1.18691e+06 1.39669e+06 1.54012e+06 1.53006e+06 1.35476e+06 1.1083e+06 927683 862250 872183 897548 896128 889179 890485 891434 890485 889179 896128 897548 872183 862250 927683 1.1083e+06 1.35476e+06 1.53006e+06 1.54012e+06 1.39669e+06 1.18691e+06 989279 851830 786147 768790 759062 737255 735267 784444 852301 884378 880906 880906 
888048 888048 856873 783111 722195 711629 732470 771982 853062 997579 1.18594e+06 1.35901e+06 1.45176e+06 1.4334e+06 1.30639e+06 1.11959e+06 958800 878382 867670 886119 897779 893678 890028 891251 892322 892320 892322 891251 890028 893678 897779 886119 867670 878382 958800 1.11959e+06 1.30639e+06 1.4334e+06 1.45176e+06 1.35901e+06 1.18594e+06 997579 853062 771982 732470 711629 722195 783111 856872 888048 888048 
843469 843469 763317 702640 699088 748868 844389 990398 1.16693e+06 1.31721e+06 1.38263e+06 1.34559e+06 1.23323e+06 1.09222e+06 967342 892608 871157 880131 892248 895286 892567 890645 891466 892027 891675 891553 891675 892027 891466 890645 892567 895286 892248 880131 871157 892608 967342 1.09222e+06 1.23323e+06 1.34559e+06 1.38263e+06 1.31721e+06 1.16693e+06 990398 844389 748868 699088 702641 763317 843469 843469 
753547 753547 693752 720888 815091 959859 1.12684e+06 1.26461e+06 1.3188e+06 1.27521e+06 1.16683e+06 1.04613e+06 953243 897958 877094 879699 889098 893848 893407 891581 890971 891656 891860 891652 891567 891580 891567 891652 891860 891656 890971 891581 893407 893848 889098 879699 877094 897958 953243 1.04613e+06 1.16683e+06 1.27521e+06 1.3188e+06 1.26461e+06 1.12684e+06 959859 815091 720888 693751 753546 753546 
732166 732166 778883 913000 1.07258e+06 1.20567e+06 1.26305e+06 1.22544e+06 1.12414e+06 1.01436e+06 935095 893885 880849 881896 887895 892445 893340 892149 891324 891387 891691 891757 891649 891624 891674 891688 891674 891624 891649 891757 891691 891387 891324 892149 893340 892445 887895 881896 880849 893885 935095 1.01436e+06 1.12414e+06 1.22544e+06 1.26305e+06 1.20567e+06 1.07258e+06 913000 778883 732165 732165 
865216 865216 1.01148e+06 1.14496e+06 1.21249e+06 1.19073e+06 1.10256e+06 1.00013e+06 926648 891137 881791 883994 888539 891704 892815 892319 891619 891441 891589 891709 891708 891645 891643 891664 891670 891668 891670 891664 891643 891645 891708 891709 891589 891441 891619 892319 892815 891704 888539 883994 881791 891138 926649 1.00013e+06 1.10256e+06 1.19073e+06 1.21249e+06 1.14496e+06 1.01148e+06 865216 865216 
1.05887e+06 1.05887e+06 1.16199e+06 1.16174e+06 1.09325e+06 999364 926965 891402 882710 885242 889318 891717 892407 892185 891763 891537 891567 891666 891695 891671 891650 891654 891663 891663 891657 891655 891657 891663 891663 891654 891650 891671 891695 891666 891567 891537 891763 892185 892407 891717 889318 885242 882710 891402 926965 999364 1.09325e+06 1.16174e+06 1.16199e+06 1.05887e+06 1.05887e+06 
1.10723e+06 1.10723e+06 1.08655e+06 1.00499e+06 933309 894860 883867 885774 889672 891768 892251 892037 891757 891607 891589 891641 891676 891672 891659 891655 891658 891662 891661 891659 891659 891659 891659 891659 891661 891662 891658 891655 891659 891672 891676 891641 891589 891607 891757 892037 892251 891768 889672 885774 883867 894860 933309 1.00499e+06 1.08655e+06 1.10723e+06 1.10723e+06 
1.00981e+06 1.00981e+06 945571 900314 885391 886060 889584 891673 892165 891960 891730 891626 891617 891642 891664 891669 891662 891658 891658 891660 891661 891660 891660 891660 891660 891661 891660 891660 891660 891660 891661 891660 891658 891658 891662 891669 891664 891642 891617 891626 891730 891960 892165 891673 889584 886060 885391 900314 945571 1.00981e+06 1.00981e+06 
920037 920037 888570 885428 889130 891556 892081 891913 891723 891635 891629 891648 891661 891665 891663 891660 891659 891660 891660 891660 891660 891660 891660 891660 891660 891660 891660 891660 891660 891660 891660 891660 891660 891660 891659 891660 891663 891665 891661 891648 891629 891635 891723 891913 892081 891556 889130 885428 888571 920037 920037 
892200 892200 887109 890894 892142 891922 891714 891642 891639 891651 891660 891663 891662 891660 891659 891660 891660 891660 891660 891660 891660 891660 891660 891660 891660 891660 891660 891660 891660 891660 891660 891660 891660 891660 891660 891660 891659 891660 891662 891663 891660 891651 891639 891642 891714 891922 892142 890894 887110 892200 892200 
890669 890669 891170 892068 891809 891624 891638 891656 891660 891661 891661 891660 891660 891660 891660 891660 891660 891660 891660 891660 891660 891660 891660 891660 891660 891660 891660 891660 891660 891660 891660 891660 891660 891660 891660 891660 891660 891660 891660 891660 891661 891661 891660 891656 891638 891624 891809 892068 891170 890669 890669 
891559 891559 891797 891741 891631 891643 891662 891662 891660 891660 891660 891660 891660 891660 891660 891660 891660 891660 891660 891660 891660 891660 891660 891660 891660 891660 891660 891660 891660 891660 891660 891660 891660 891660 891660 891660 891660 891660 891660 891660 891660 891660 891660 891662 891662 891643 891631 891741 891797 891559 891559 
891660 891660 891660 891660 891660 891660 891660 891660 891660 891660 891660 891660 891660 891660 891660 891660 891660 891660 891660 891660 891660 891660 891660 891660 891660 891660 891660 891660 891660 891660 891660 891660 891660 891660 891660 891660 891660 891660 891660 891660 891660 891660 891660 891660 891660 891660 891660 891660 891660 891660 891660 
