-1959.84 -1900.82 -2178.93 -2499.57 -2867.85 -3290.45 -3775.68 -4333.2 -4974.21 -5712.14 -6568.2 -7583.84 -8396.36 -8616.46 -8740.03 -9103.01 -9586.37 -10241.2 -11084.5 -12162.4 -13594.7 -15525.5 -18222.3 -22057 -22006.1 7.31089e-07 22006.1 22057 18222.3 15525.5 13594.7 12162.4 11084.5 10241.2 9586.37 9103.01 8740.03 8616.46 8396.36 7583.84 6568.2 5712.14 4974.21 4333.2 3775.68 3290.45 2867.85 2499.57 2178.93 1900.82 1959.84 
-1784.5 -1907.29 -2182.61 -2500.83 -2866.68 -3286.56 -3768.36 -4321.66 -4957.24 -5687.63 -6533.9 -7559.72 -8396.36 -8616.46 -8740.03 -9103.01 -9586.37 -10241.2 -11084.5 -12162.4 -13594.7 -15525.5 -18222.3 -22057 -22006.1 7.31089e-07 22006.1 22057 18222.3 15525.5 13594.7 12162.4 11084.5 10241.2 9586.37 9103.01 8740.03 8616.46 8396.36 7559.72 6533.9 5687.63 4957.24 4321.66 3768.36 3286.56 2866.68 2500.83 2182.61 1907.29 1784.5 
-1800.83 -1922.78 -2196.69 -2514.17 -2879.43 -3298.78 -3779.98 -4331.88 -4964.83 -5692.86 -6551.88 -7627.29 -8420.87 -8574.74 -8695.93 -9061.86 -9540.56 -10196.3 -11028.6 -12062 -13442.3 -15296.4 -17713.9 -20682.3 -19940.8 4.63557e-07 19940.8 20682.3 17713.9 15296.4 13442.3 12062 11028.6 10196.3 9540.56 9061.86 8695.93 8574.74 8420.87 7627.29 6551.88 5692.86 4964.83 4331.88 3779.98 3298.78 2879.43 2514.17 2196.69 1922.78 1800.83 
-1831.37 -1953.12 -2227.83 -2547.02 -2914.64 -3336.63 -3820.45 -4374.91 -5010.58 -5745.65 -6623.51 -7699.59 -8397.15 -8532.14 -8674.81 -9046.45 -9529.75 -10206.8 -11053.1 -12067.5 -13394.8 -15087.4 -17188.1 -19931.4 -17979 1.62283e-07 17979 19931.4 17188.1 15087.4 13394.8 12067.5 11053.1 10206.8 9529.75 9046.45 8674.81 8532.14 8397.15 7699.59 6623.51 5745.65 5010.58 4374.91 3820.45 3336.63 2914.64 2547.02 2227.83 1953.12 1831.37 
-1872.72 -1994.57 -2270.93 -2592.88 -2963.92 -3389.71 -3877.29 -4434.93 -5073.8 -5818.26 -6716.18 -7763.18 -8367.86 -8483.96 -8660.79 -9039.04 -9538.24 -10249.4 -11097.3 -12041.6 -13261.4 -14858.8 -16846.1 -18992.8 -15788 2.44039e-07 15788 18992.8 16846.1 14858.8 13261.4 12041.6 11097.3 10249.4 9538.24 9039.04 8660.79 8483.96 8367.86 7763.18 6716.18 5818.26 5073.8 4434.93 3877.29 3389.71 2963.92 2592.88 2270.93 1994.57 1872.72 
-1917.44 -2039.21 -2316.28 -2640.13 -3013.71 -3442.31 -3932.82 -4492.57 -5135.18 -5896.26 -6811.19 -7789.18 -8329.15 -8444.92 -8669.26 -9057.62 -9569.8 -10291.9 -11122.5 -12040.3 -13257.6 -14757.9 -16361.7 -18222.4 -14724.8 2.25106e-07 14724.8 18222.4 16361.7 14757.9 13257.6 12040.3 11122.5 10291.9 9569.8 9057.62 8669.26 8444.92 8329.15 7789.18 6811.19 5896.26 5135.18 4492.57 3932.82 3442.31 3013.71 2640.13 2316.28 2039.21 1917.44 
-1959.89 -2080.9 -2356.64 -2680.37 -3054.44 -3484.39 -3975.75 -4535.63 -5190.1 -5983.93 -6881.73 -7761.53 -8266.21 -8407.74 -8662.12 -9043.51 -9565.33 -10343.7 -11220.5 -12096.4 -13162 -14380.3 -16038.4 -17767.4 -12354.8 4.90734e-07 12354.8 17767.4 16038.4 14380.3 13162 12096.4 11220.5 10343.7 9565.33 9043.51 8662.12 8407.74 8266.21 7761.53 6881.73 5983.93 5190.1 4535.63 3975.75 3484.39 3054.44 2680.37 2356.64 2080.9 1959.89 
-1998.03 -2117.53 -2389.65 -2711.01 -3083.91 -3511.9 -3998.71 -4563.35 -5250.43 -6058.66 -6870.67 -7671.24 -8169.5 -8341.42 -8621.72 -9033.72 -9608.23 -10424.3 -11250.4 -11987.3 -13013.3 -14427.8 -16007 -16330.2 -11218.9 2.21942e-07 11218.9 16330.2 16007 14427.8 13013.3 11987.3 11250.4 10424.3 9608.23 9033.72 8621.72 8341.42 8169.5 7671.24 6870.67 6058.66 5250.43 4563.35 3998.71 3511.9 3083.91 2711.01 2389.65 2117.53 1998.03 
-2032.95 -2150.17 -2417.05 -2734.48 -3102.35 -3521.83 -4007.73 -4600.84 -5317.27 -6062.56 -6779.82 -7548.92 -8063.72 -8271.68 -8574.3 -8995.6 -9565.53 -10357 -11182.9 -11968.7 -12989.2 -14244.6 -15114 -14750.5 -11105.2 -8.27861e-08 11105.2 14750.5 15114 14244.6 12989.2 11968.7 11182.9 10357 9565.53 8995.6 8574.3 8271.68 8063.72 7548.92 6779.82 6062.56 5317.27 4600.84 4007.73 3521.83 3102.35 2734.48 2417.05 2150.17 2032.95 
-2067.12 -2181.51 -2441.93 -2752.35 -3110.69 -3527.98 -4038.21 -4661.44 -5328.33 -5968 -6639.29 -7392.62 -7908.38 -8132.5 -8437.74 -8850.21 -9443.17 -10314.2 -11113.5 -11776.7 -12689 -13566.7 -13870.8 -13791.6 -9081.56 3.14019e-08 9081.56 13791.6 13870.8 13566.7 12689 11776.7 11113.5 10314.2 9443.17 8850.21 8437.74 8132.5 7908.38 7392.62 6639.29 5968 5328.33 4661.44 4038.21 3527.98 3110.69 2752.35 2441.93 2181.51 2067.12 
-2102.29 -2213.4 -2465.67 -2766.69 -3122.13 -3556.87 -4087.38 -4662.33 -5221.93 -5809.37 -6469.18 -7207.54 -7717.17 -7952.22 -8272.5 -8701.91 -9280.83 -10112.4 -10882.2 -11494.7 -12214.3 -12721.4 -12808.2 -11887 -7508.43 -3.42246e-09 7508.43 11887 12808.2 12721.4 12214.3 11494.7 10882.2 10112.4 9280.83 8701.91 8272.5 7952.22 7717.17 7207.54 6469.18 5809.37 5221.93 4662.33 4087.38 3556.87 3122.13 2766.69 2465.67 2213.4 2102.29 
-2138.62 -2245.77 -2488.44 -2783.61 -3148 -3592.75 -4082.42 -4573.98 -5095.58 -5681.63 -6334.95 -7041.91 -7518.21 -7720.61 -7991.16 -8403.77 -9017.98 -9900.34 -10690.8 -11184.5 -11602.1 -11757.8 -11426.6 -10323.3 -6354.58 -1.25592e-08 6354.58 10323.3 11426.6 11757.8 11602.1 11184.5 10690.8 9900.34 9017.98 8403.77 7991.16 7720.61 7518.21 7041.91 6334.95 5681.63 5095.58 4573.98 4082.42 3592.75 3148 2783.61 2488.44 2245.77 2138.62 
-2175.15 -2277.41 -2511.44 -2809 -3180.73 -3601.65 -4036.17 -4498.41 -5014.56 -5578.88 -6158.45 -6734.8 -7111.91 -7322.63 -7662.68 -8152.07 -8826.96 -9740.26 -10458.3 -10648 -10727.6 -10642.1 -10111.4 -8865.44 -5301.54 -8.26875e-09 5301.54 8865.44 10111.4 10642.1 10727.6 10648 10458.3 9740.26 8826.96 8152.07 7662.68 7322.63 7111.91 6734.8 6158.45 5578.88 5014.56 4498.41 4036.17 3601.65 3180.73 2809 2511.44 2277.41 2175.15 
-2213.98 -2311.07 -2543.1 -2850.9 -3210.15 -3588.31 -3986.12 -4416.87 -4863.1 -5302.97 -5765.6 -6302.7 -6740.12 -7052.04 -7469.02 -7999.68 -8652.39 -9434.01 -9895.77 -9876.26 -9816.16 -9535.71 -8839.82 -7514 -4381.61 -5.0115e-09 4381.61 7514 8839.82 9535.71 9816.16 9876.26 9895.77 9434.01 8652.39 7999.68 7469.02 7052.04 6740.12 6302.7 5765.6 5302.97 4863.1 4416.87 3986.12 3588.31 3210.15 2850.9 2543.1 2311.07 2213.98 
-2264.59 -2359.08 -2595.91 -2898.75 -3211.19 -3532.52 -3862.06 -4197.64 -4558.45 -4974.24 -5470.93 -6061.93 -6560.85 -6917.46 -7315.67 -7748.47 -8244.16 -8885.81 -9241.13 -9093.54 -8869.69 -8430.18 -7616.92 -6299.31 -3607.05 -5.14565e-09 3607.05 6299.31 7616.92 8430.18 8869.69 9093.54 9241.13 8885.81 8244.16 7748.47 7315.67 6917.46 6560.85 6061.93 5470.93 4974.24 4558.45 4197.64 3862.06 3532.52 3211.19 2898.75 2595.91 2359.08 2264.6 
-2329.38 -2423.23 -2647.86 -2896 -3132.12 -3376.53 -3645.95 -3965.47 -4357.39 -4828.37 -5372.23 -5968.51 -6419.08 -6681.69 -6957.57 -7291.16 -7725.15 -8297.67 -8543.43 -8263.02 -7898.55 -7341.92 -6480.61 -5231.48 -2946.43 -4.61659e-09 2946.43 5231.48 6480.61 7341.92 7898.55 8263.02 8543.43 8297.67 7725.15 7291.16 6957.57 6681.69 6419.08 5968.51 5372.23 4828.37 4357.39 3965.47 3645.95 3376.53 3132.12 2896 2647.86 2423.23 2329.38 
-2377.76 -2465.42 -2638.21 -2806.22 -2991.87 -3221.21 -3513.48 -3881.81 -4322.72 -4806.09 -5290.3 -5755.53 -6075.37 -6263.85 -6497.29 -6792.91 -7170.7 -7656.42 -7788.23 -7395.45 -6930.12 -6307.98 -5450.56 -4301.98 -2385.28 -2.84244e-09 2385.28 4301.98 5450.56 6307.98 6930.12 7395.45 7788.23 7656.42 7170.7 6792.91 6497.29 6263.85 6075.37 5755.53 5290.3 4806.09 4322.72 3881.81 3513.48 3221.21 2991.87 2806.22 2638.21 2465.42 2377.76 
-2375.61 -2448.62 -2572.86 -2711.71 -2910.41 -3176.84 -3512.81 -3899.76 -4297.2 -4672.22 -5028.12 -5386.84 -5647.9 -5811.26 -6011.78 -6259.38 -6568.39 -6960.62 -6991.68 -6520.41 -5994.65 -5350.32 -4532.4 -3503.18 -1914.29 -1.55699e-09 1914.29 3503.18 4532.4 5350.32 5994.65 6520.41 6991.68 6960.62 6568.39 6259.38 6011.78 5811.26 5647.9 5386.84 5028.12 4672.22 4297.2 3899.76 3512.81 3176.84 2910.41 2711.71 2572.86 2448.62 2375.61 
-2359.26 -2418.87 -2535.28 -2694.38 -2929.27 -3216.99 -3527.76 -3833.48 -4127.82 -4414.81 -4700.41 -4993.37 -5205.92 -5337.13 -5494.91 -5687.25 -5926.16 -6230.7 -6180.87 -5664.41 -5113.89 -4481.28 -3727.64 -2825.13 -1522.61 -1.54407e-09 1522.61 2825.13 3727.64 4481.28 5113.89 5664.41 6180.87 6230.7 5926.16 5687.25 5494.91 5337.13 5205.92 4993.37 4700.41 4414.81 4127.82 3833.48 3527.76 3216.99 2929.27 2694.38 2535.28 2418.87 2359.26 
-2381.06 -2433.13 -2561.66 -2747.09 -2973.63 -3205.27 -3435.63 -3669 -3904.95 -4136.32 -4361.59 -4587.46 -4745.86 -4839.07 -4951.57 -5089.74 -5263.6 -5490.13 -5380 -4848.43 -4303.07 -3707.32 -3032.23 -2255.6 -1199.59 -1.94218e-09 1199.59 2255.6 3032.23 3707.32 4303.07 4848.43 5380 5490.13 5263.6 5089.74 4951.57 4839.07 4745.86 4587.46 4361.59 4136.32 3904.95 3669 3435.63 3205.27 2973.63 2747.09 2561.66 2433.13 2381.06 
-2439.22 -2485.87 -2614.55 -2777.39 -2942.09 -3113.91 -3296.31 -3484.54 -3670.98 -3845.89 -4008.55 -4167.05 -4271.73 -4326.84 -4395.81 -4483.84 -4600.21 -4760.3 -4609.71 -4088.37 -3570.77 -3028.05 -2437.66 -1780.97 -934.969 -1.8898e-09 934.969 1780.97 2437.66 3028.05 3570.77 4088.37 4609.71 4760.3 4600.21 4483.84 4395.81 4326.84 4271.73 4167.05 4008.55 3845.89 3670.98 3484.54 3296.31 3113.91 2942.09 2777.39 2614.55 2485.87 2439.22 
-2486.48 -2525.75 -2625.27 -2741.3 -2864.36 -3000.87 -3144.81 -3287.83 -3422.73 -3541.21 -3643.91 -3739.71 -3794.4 -3813.43 -3842.57 -3886.71 -3954.29 -4059.25 -3885.22 -3392.86 -2917.92 -2437.07 -1932.05 -1386.78 -718.823 -1.47855e-09 718.823 1386.78 1932.05 2437.07 2917.92 3392.86 3885.22 4059.25 3954.29 3886.71 3842.57 3813.43 3794.4 3739.71 3643.91 3541.21 3422.73 3287.83 3144.81 3000.87 2864.36 2741.3 2625.27 2525.75 2486.48 
-2492.6 -2522.68 -2592.76 -2676.63 -2771.22 -2873.83 -2977.33 -3075.2 -3160.95 -3227.27 -3275.86 -3315.74 -3325.91 -3312.76 -3307.3 -3313.95 -3340.49 -3399.36 -3213.41 -2761.31 -2337 -1921.42 -1499.42 -1056.91 -540.8 -1.12461e-09 540.8 1056.91 1499.42 1921.42 2337 2761.31 3213.41 3399.36 3340.49 3313.95 3307.3 3312.76 3325.91 3315.74 3275.86 3227.27 3160.95 3075.2 2977.33 2873.83 2771.22 2676.63 2592.76 2522.68 2492.6 
-2469.11 -2489.53 -2536.98 -2594.66 -2659.5 -2726.95 -2791.71 -2848.2 -2890.38 -2911.72 -2914.49 -2907.5 -2880.72 -2840.57 -2805.8 -2779.97 -2769.03 -2783.05 -2586.13 -2175.68 -1803.72 -1454.43 -1114.15 -769.733 -388.292 -8.383e-10 388.292 769.733 1114.15 1454.43 1803.72 2175.68 2586.13 2783.05 2769.03 2779.97 2805.8 2840.57 2880.72 2907.5 2914.49 2911.72 2890.38 2848.2 2791.71 2726.95 2659.5 2594.66 2536.98 2489.53 2469.11 
-2423.88 -2434.49 -2459.63 -2490.15 -2523.79 -2557.46 -2587.35 -2608.92 -2617.21 -2606.58 -2577.79 -2535.76 -2481.04 -2420.55 -2362.57 -2306.61 -2250.76 -2190.02 -1919.69 -1541.8 -1234.37 -968.63 -725.341 -489.965 -243.08 -4.63115e-10 243.08 489.965 725.341 968.63 1234.37 1541.8 1919.69 2190.02 2250.76 2306.61 2362.57 2420.55 2481.04 2535.76 2577.79 2606.58 2617.21 2608.92 2587.35 2557.46 2523.79 2490.15 2459.63 2434.49 2423.88 
-2358.73 -2358.73 -2358.73 -2358.73 -2358.73 -2358.7 -2358.7 -2358.74 -2358.73 -2353.52 -2309.2 -2221.89 -2126.35 -2027.48 -1920.04 -1797.3 -1650.84 -1470.36 -1244.48 -1038.39 -849.461 -673.331 -504.853 -338.383 -166.888 -6.32372e-13 166.888 338.383 504.853 673.331 849.461 1038.39 1244.48 1470.36 1650.84 1797.3 1920.04 2027.48 2126.35 2221.89 2309.2 2353.52 2358.73 2358.74 2358.7 2358.7 2358.73 2358.73 2358.73 2358.73 2358.73 
