-0 -0.000510542 0.00100134 8.35544e-05 -2.00183e-06 5.33959e-06 -0.000170909 4.34066e-05 7.89379e-05 -3.65251e-05 -0.00100595 3524.6 0 9.09495e-13 -1.81899e-12 9.09495e-13 0 4.54747e-13 0 0 -1.81899e-12 -3.63798e-12 7.27596e-12 -2.91038e-11 0 0 -1.45519e-11 1.45519e-11 0 3.63798e-12 0 9.09495e-13 0 4.54747e-13 9.09495e-13 -9.09495e-13 -9.09495e-13 0 -1.81899e-12 3524.6 -0.000990255 3.65251e-05 -7.89379e-05 -4.34066e-05 0.000170909 -5.33959e-06 2.00183e-06 -8.35544e-05 -0.00100134 0.000510542 0 
-38.9436 -41.615 -49.9918 -60.1517 -74.1288 -90.8226 -110.025 -129.818 -137.007 -121.353 -260.731 922.509 -1829.42 -21.661 192.393 198.183 292.435 465.494 742.426 1029.81 1002.96 425.969 732.242 6470.41 4506.22 -11767.3 4506.22 6470.41 732.242 425.969 1002.96 1029.81 742.426 465.494 292.435 198.183 192.393 -21.661 -1829.42 922.509 -260.731 -121.353 -137.007 -129.818 -110.025 -90.8226 -74.1288 -60.1518 -49.9937 -41.614 -38.9427 
-72.6694 -77.6443 -93.0785 -112.127 -138.258 -168.704 -204.573 -241.977 -256.055 -233.716 -371.808 -125.403 -2380.13 -480.771 -300.08 -319.792 -301.953 -285.585 -379.014 -710.961 -1303.8 -1968.4 -2774.92 -6381.26 -26272.8 -45615.1 -26272.8 -6381.26 -2774.92 -1968.4 -1303.8 -710.961 -379.014 -285.585 -301.953 -319.792 -300.08 -480.771 -2380.13 -125.403 -371.808 -233.715 -256.055 -241.977 -204.573 -168.704 -138.258 -112.127 -93.0804 -77.6435 -72.6686 
-101.718 -108.699 -129.926 -156.485 -192.605 -235.968 -286.996 -335.356 -359.411 -427.181 -948.778 -1690.6 -2590.75 -515.112 -393.867 -447.726 -493.973 -549.586 -612.697 -706.739 -1170.85 -2748.62 -5611.42 -7359.59 -21213.6 -43417.2 -21213.6 -7359.59 -5611.42 -2748.62 -1170.85 -706.739 -612.697 -549.586 -493.973 -447.726 -393.867 -515.112 -2590.75 -1690.6 -948.778 -427.181 -359.411 -335.356 -286.996 -235.968 -192.605 -156.485 -129.928 -108.698 -101.718 
-126.303 -135.022 -160.267 -193.623 -240.458 -295.296 -355.947 -415.523 -455.522 -657.065 -1675.58 -2897.56 -2379.33 -649.599 -684.109 -757.479 -732.072 -639.226 -723.086 -1399.84 -2863.77 -4288.16 -5019.17 -11293.5 -42271.4 -62804.2 -42271.4 -11293.5 -5019.17 -4288.16 -2863.77 -1399.84 -723.086 -639.226 -732.072 -757.479 -684.109 -649.599 -2379.33 -2897.56 -1675.58 -657.065 -455.522 -415.523 -355.947 -295.296 -240.457 -193.623 -160.269 -135.022 -126.303 
-147.458 -157.703 -186.616 -227.407 -281.088 -342.077 -418.623 -487.119 -574.698 -1156.25 -2806.77 -3465.02 -1926.5 -710.052 -717.045 -659.18 -654.804 -921.456 -1528.39 -2089.11 -2157.05 -3076.18 -8848.96 -18428.6 -28820.7 -45467.4 -28820.7 -18428.6 -8848.96 -3076.18 -2157.05 -2089.11 -1528.39 -921.456 -654.804 -659.18 -717.045 -710.052 -1926.5 -3465.02 -2806.77 -1156.25 -574.698 -487.119 -418.623 -342.077 -281.087 -227.407 -186.618 -157.703 -147.458 
-166.738 -178.206 -209.952 -253.231 -312.685 -395.431 -479.361 -530.187 -831.418 -2058.45 -3576.87 -2925.48 -1322.59 -650.962 -808.411 -999.692 -1246.72 -1305.13 -1047.84 -1068.84 -2792.92 -6960.39 -8095.5 -11316.6 -52576.7 -91913 -52576.7 -11316.6 -8095.5 -6960.39 -2792.92 -1068.84 -1047.84 -1305.13 -1246.72 -999.692 -808.411 -650.962 -1322.59 -2925.48 -3576.87 -2058.45 -831.418 -530.187 -479.361 -395.432 -312.684 -253.231 -209.954 -178.206 -166.738 
-183.051 -195.565 -227.209 -276.958 -357.741 -438.664 -467.957 -633.491 -1500.05 -2992.14 -3353.62 -2233.35 -1262.68 -1103.5 -1238.05 -1048.88 -613.056 -345.016 -997.923 -3035.34 -4728.43 -2447.28 -5450.71 -37757.1 -117682 -162798 -117682 -37757.1 -5450.71 -2447.28 -4728.43 -3035.34 -997.923 -345.016 -613.056 -1048.88 -1238.05 -1103.5 -1262.68 -2233.35 -3353.62 -2992.14 -1500.05 -633.491 -467.957 -438.664 -357.74 -276.958 -227.211 -195.564 -183.051 
-196.365 -209.664 -246.202 -309.233 -376.205 -396.687 -514.537 -1175.13 -2468.43 -3220.96 -2732.7 -1878.5 -1250.66 -880.123 -497.082 -235.925 -532.186 -1625.08 -2878.11 -2079.52 12.0784 -3478.41 -25370.3 -82805.6 -128791 -142714 -128791 -82805.6 -25370.3 -3478.41 12.0784 -2079.52 -2878.11 -1625.08 -532.186 -235.925 -497.082 -880.123 -1250.66 -1878.5 -2732.7 -3220.96 -2468.43 -1175.13 -514.537 -396.687 -376.205 -309.233 -246.203 -209.664 -196.365 
-210.07 -223.983 -266.092 -312.898 -338.538 -449.363 -967.634 -1987.18 -2691.08 -2411.34 -1758.51 -1111.02 -626.24 -443.995 -631.106 -1262.35 -1992.02 -1578.9 68.0749 620.433 -3255.53 -18224.2 -51784.7 -79797.1 -93896.9 -102241 -93896.9 -79797.1 -51784.7 -18224.2 -3255.53 620.433 68.0749 -1578.9 -1992.02 -1262.35 -631.106 -443.995 -626.24 -1111.02 -1758.51 -2411.34 -2691.08 -1987.18 -967.634 -449.363 -338.538 -312.898 -266.093 -223.983 -210.07 
-222.825 -237.193 -269.875 -293.275 -390.081 -773.818 -1491.17 -1986.26 -1805.63 -1411.32 -1115.42 -958.641 -1023.53 -1328.4 -1600.48 -1167.08 29.2517 923.847 167.583 -3803.26 -14315.8 -32550 -47596.2 -61067 -74263.3 -79809.2 -74263.3 -61067 -47596.2 -32550 -14315.8 -3803.26 167.583 923.847 29.2517 -1167.08 -1600.48 -1328.4 -1023.53 -958.641 -1115.42 -1411.32 -1805.63 -1986.26 -1491.17 -773.818 -390.081 -293.275 -269.876 -237.192 -222.825 
-227.846 -242.343 -256.871 -317.124 -581.232 -1079.16 -1456.98 -1438.39 -1308.93 -1316.67 -1439.99 -1551.79 -1441.76 -875.191 33.3134 736.421 661.715 -803.644 -4634.98 -11821 -21131.9 -29025.1 -38688.8 -50003.4 -58189.4 -61287.6 -58189.4 -50003.4 -38688.8 -29025.1 -21131.9 -11821 -4634.98 -803.644 661.715 736.421 33.3134 -875.191 -1441.76 -1551.79 -1439.99 -1316.67 -1308.93 -1438.39 -1456.98 -1079.16 -581.231 -317.124 -256.872 -242.343 -227.845 
-206.892 -220.881 -251.085 -436.689 -826.168 -1186.8 -1305.08 -1336.9 -1435.85 -1505.81 -1288.99 -691.342 20.0032 520.029 578.404 -94.8507 -1909.36 -5244.14 -9727.82 -14080.6 -18565.2 -24720.7 -32556.5 -39997.7 -44837.5 -46656.7 -44837.5 -39997.7 -32556.5 -24720.7 -18565.2 -14080.6 -9727.82 -5244.14 -1909.36 -94.8507 578.404 520.029 20.0032 -691.342 -1288.99 -1505.81 -1435.85 -1336.9 -1305.08 -1186.8 -826.167 -436.69 -251.086 -220.88 -206.891 
-199.22 -212.849 -363.736 -704.292 -1053.19 -1217.31 -1254.84 -1222.13 -1001.83 -542.668 -29.8319 319.813 360.872 -13.8593 -979.006 -2706.87 -5082.43 -7513.65 -9778.28 -12515.5 -16323.2 -21276 -26699.9 -31367.1 -34363.9 -35443.1 -34363.9 -31367.1 -26699.9 -21276 -16323.2 -12515.5 -9778.28 -7513.65 -5082.43 -2706.87 -979.006 -13.8593 360.872 319.813 -29.8319 -542.668 -1001.83 -1222.13 -1254.84 -1217.31 -1053.19 -704.293 -363.736 -212.849 -199.22 
-334.111 -349.449 -656.981 -961.688 -1060.67 -977.632 -743.567 -387.567 -31.3703 187.937 183.771 -99.0539 -707.302 -1664.03 -2930.95 -4298.68 -5617.71 -7048.96 -8854.07 -11225.4 -14265.6 -17799 -21388.6 -24333.8 -26172.3 -26808.2 -26172.3 -24333.8 -21388.6 -17799 -14265.6 -11225.4 -8854.07 -7048.96 -5617.71 -4298.68 -2930.95 -1664.03 -707.302 -99.0539 183.771 187.937 -31.3704 -387.567 -743.567 -977.632 -1060.67 -961.688 -656.982 -349.449 -334.111 
-575.648 -593.652 -830.924 -811.341 -589.434 -285.682 -4.92858 155.592 129.568 -112.214 -567.951 -1195.27 -1907.1 -2639.08 -3386.75 -4212.68 -5220.75 -6475.5 -8015.5 -9877.05 -12089 -14514.3 -16851.4 -18680.1 -19792.8 -20169.8 -19792.8 -18680.1 -16851.4 -14514.3 -12089 -9877.05 -8015.5 -6475.5 -5220.75 -4212.68 -3386.75 -2639.08 -1907.1 -1195.27 -567.951 -112.214 129.568 155.592 -4.9286 -285.682 -589.434 -811.341 -830.925 -593.652 -575.649 
-590.675 -607.494 -510.083 -247.046 3.05897 152.563 147.886 -34.6364 -382.558 -836.508 -1305.07 -1736.22 -2155.03 -2624.64 -3202.75 -3928.8 -4820.06 -5861.5 -7054 -8421.29 -9972.65 -11591.8 -13074.7 -14193.3 -14866.5 -15091.5 -14866.5 -14193.3 -13074.7 -11591.8 -9972.65 -8421.29 -7054 -5861.5 -4820.06 -3928.8 -3202.75 -2624.64 -2155.03 -1736.22 -1305.07 -836.508 -382.558 -34.6363 147.886 152.562 3.05891 -247.046 -510.083 -607.494 -590.675 
-243.389 -255.19 -25.7156 134.379 167.208 57.2644 -189.943 -521.348 -852.96 -1139.94 -1404.2 -1689.69 -2032.42 -2455.59 -2978.83 -3606.6 -4331.39 -5133.31 -6013.71 -6981.05 -8031.5 -9078.28 -9999.68 -10679 -11086.5 -11221.2 -11086.5 -10679 -9999.68 -9078.28 -8031.5 -6981.05 -6013.71 -5133.31 -4331.39 -3606.6 -2978.83 -2455.59 -2032.42 -1689.69 -1404.2 -1139.94 -852.96 -521.348 -189.943 57.2644 167.208 134.379 -25.7154 -255.189 -243.389 
55.9816 47.5665 149.135 111.911 -44.9223 -275.297 -514.181 -715.81 -892.032 -1077.79 -1296.74 -1560.52 -1877.95 -2254.03 -2696.05 -3201.12 -3759.06 -4350.82 -4976.04 -5633.85 -6320.31 -6979.48 -7543.7 -7954.08 -8200.33 -8281.11 -8200.33 -7954.08 -7543.7 -6979.48 -6320.31 -5633.85 -4976.04 -4350.82 -3759.06 -3201.12 -2696.05 -2254.03 -1877.95 -1560.52 -1296.74 -1077.79 -892.032 -715.81 -514.181 -275.296 -44.9222 111.911 149.135 47.5666 55.9818 
86.8995 78.9737 30.1423 -115.078 -282.862 -423.462 -540.899 -660.364 -801.089 -971.746 -1174.84 -1411.74 -1685.9 -1998.5 -2351.92 -2740.07 -3151.78 -3570.24 -3996.61 -4427.69 -4863.12 -5269.68 -5611 -5857.51 -6005.95 -6054.46 -6005.95 -5857.51 -5611 -5269.68 -4863.12 -4427.69 -3996.61 -3570.24 -3151.78 -2740.07 -2351.92 -1998.5 -1685.9 -1411.74 -1174.84 -971.746 -801.089 -660.364 -540.899 -423.462 -282.861 -115.078 30.1421 78.9734 86.8992 
-33.1005 -40.8773 -142.453 -241.13 -313.894 -384.764 -469.679 -575.546 -704.19 -855.965 -1031.28 -1230.55 -1455.12 -1703.22 -1973.63 -2259.23 -2549.8 -2833.38 -3113.85 -3387.43 -3656.75 -3903.04 -4107.16 -4254.3 -4343.38 -4372.52 -4343.38 -4254.3 -4107.16 -3903.04 -3656.75 -3387.43 -3113.85 -2833.38 -2549.8 -2259.23 -1973.63 -1703.22 -1455.12 -1230.55 -1031.28 -855.965 -704.19 -575.546 -469.679 -384.764 -313.894 -241.129 -142.453 -40.8776 -33.1008 
-120.468 -127.01 -182.799 -219.39 -260.59 -319.118 -394.312 -486.143 -594.885 -720.965 -864.44 -1024.46 -1200.34 -1388.7 -1586.49 -1787.36 -1984.04 -2169.15 -2347.92 -2516.77 -2679.71 -2826.42 -2947.06 -3034.17 -3087.29 -3104.63 -3087.29 -3034.17 -2947.06 -2826.42 -2679.71 -2516.77 -2347.92 -2169.15 -1984.04 -1787.36 -1586.49 -1388.7 -1200.34 -1024.46 -864.44 -720.965 -594.885 -486.143 -394.312 -319.118 -260.59 -219.39 -182.798 -127.01 -120.468 
-119.137 -124.083 -144.522 -167.197 -202.603 -251.085 -311.502 -384.42 -470.379 -569.463 -681.016 -803.525 -935.191 -1072.01 -1210.67 -1346.56 -1475 -1591.99 -1703.09 -1804.9 -1901.57 -1987.59 -2058 -2109.01 -2140.3 -2150.52 -2140.3 -2109.01 -2058 -1987.59 -1901.57 -1804.9 -1703.09 -1591.99 -1475 -1346.56 -1210.67 -1072.01 -935.191 -803.525 -681.016 -569.463 -470.379 -384.42 -311.502 -251.085 -202.603 -167.197 -144.522 -124.083 -119.137 
-82.7511 -86.1076 -96.7475 -114.356 -140.551 -174.974 -218.104 -270.585 -332.67 -404.457 -485.567 -574.966 -669.936 -766.293 -860.888 -950.461 -1032.41 -1104.87 -1172.85 -1233.28 -1289.81 -1339.59 -1380.16 -1409.66 -1427.76 -1433.71 -1427.76 -1409.66 -1380.16 -1339.59 -1289.81 -1233.28 -1172.85 -1104.87 -1032.41 -950.461 -860.888 -766.293 -669.936 -574.966 -485.567 -404.457 -332.67 -270.585 -218.104 -174.974 -140.551 -114.356 -96.7475 -86.1076 -82.7511 
-41.0632 -42.7859 -48.4691 -58.2068 -72.2638 -90.9665 -114.895 -144.586 -180.389 -223.084 -275.903 -341.241 -411.883 -481.581 -547.203 -606.811 -659.251 -703.939 -744.937 -780.847 -814.073 -842.88 -866.077 -882.9 -893.144 -896.545 -893.144 -882.9 -866.077 -842.88 -814.073 -780.847 -744.937 -703.939 -659.251 -606.811 -547.203 -481.581 -411.883 -341.241 -275.903 -223.084 -180.389 -144.586 -114.895 -90.9665 -72.2638 -58.2068 -48.4691 -42.786 -41.0633 
-0 -0 -0 -0 -0 -0 -0 -0 -0 -6.6091 -63.0048 -158.25 -246.363 -322.856 -390.228 -450.013 -503.182 -550.312 -591.58 -626.4 -655.414 -678.952 -697.179 -710.163 -717.947 -720.54 -717.947 -710.163 -697.179 -678.952 -655.414 -626.4 -591.58 -550.312 -503.182 -450.013 -390.228 -322.856 -246.363 -158.25 -63.0048 -6.6091 0 0 0 0 0 0 0 0 0 
