    0 356.868726
    1 472.168014
    2 581.859597
    3 682.997215
    4 791.162032
    5 912.464526
    6 1044.191089
    7 1182.152085
    8 1323.095377
    9 1465.464672
   10 1607.594006
   11 1747.867253
   12 1884.082595
   13 2013.668025
   14 2134.003229
   15 2243.149530
   16 2339.870741
   17 2423.568797
   18 2494.138613
   19 2551.923687
   20 2597.469401
   21 2631.331001
   22 2654.173581
   23 2666.754211
   24 2669.687118
   25 2663.539020
   26 2648.850196
   27 2626.149914
   28 2595.843076
   29 2558.365637
   30 2514.143023
   31 2463.603857
   32 2407.184251
   33 2345.456001
   34 2279.080426
   35 2208.589297
   36 2134.619882
   37 2057.874579
   38 1979.021955
   39 1898.795218
   40 1817.829361
   41 1736.755677
   42 1656.132347
   43 1576.548945
   44 1498.472355
   45 1422.395499
   46 1348.661702
   47 1277.583982
   48 1209.401351
   49 1144.229840
   50 1082.136883
   51 1023.188833
   52 967.407423
   53 914.751443
   54 865.175345
   55 818.603469
   56 774.880078
   57 733.942163
   58 695.681161
   59 659.979299
   60 626.713400
   61 595.758723
   62 566.991477
   63 540.285909
   64 515.515110
   65 492.551604
   66 471.266977
   67 451.532645
   68 433.219000
   69 416.196398
   70 400.338143
   71 385.519464
   72 371.619724
   73 358.524349
   74 346.125708
   75 334.323963
   76 323.027383
   77 312.154542
   78 301.635858
   79 291.408043
   80 281.420324
   81 271.669561
   82 262.063977
   83 252.581730
   84 243.208337
   85 233.933078
   86 224.749471
   87 215.655582
   88 206.653115
   89 197.746353
   90 188.943064
   91 180.253313
   92 171.688909
   93 163.262919
   94 154.989232
   95 146.882199
   96 138.956324
   97 131.226016
   98 123.705378
   99 116.408046
  100 109.347037
  101 102.534838
  102 95.983053
  103 89.701748
  104 83.700551
  105 77.988081
  106 72.571313
  107 67.457009
  108 62.650512
  109 58.155686
  110 53.974864
  111 50.108670
  112 46.555805
  113 43.312780
  114 40.373631
  115 37.729622
  116 35.368972
  117 33.276721
  118 31.434760
  119 29.822018
  120 28.415075
  121 27.188853
  122 26.117500
  123 25.175351
  124 24.337818
  125 23.582133
  126 22.887889
  127 22.237364
  128 21.615639
  129 21.010554
  130 20.412545
  131 19.814405
  132 19.211004
  133 18.599006
  134 17.976576
  135 17.343125
  136 16.699060
  137 16.045578
  138 15.384479
  139 14.718004
  140 14.048700
  141 13.379313
  142 12.712684
  143 12.051676
  144 11.399112
  145 10.757722
  146 10.130105
  147 9.518704
  148 8.925773
  149 8.353371
  150 7.803346
  151 7.277325
  152 6.776717
  153 6.302700
  154 5.856228
  155 5.438018
  156 5.048551
  157 4.688062
  158 4.356527
  159 4.053650
  160 3.778853
  161 3.531259
  162 3.309689
  163 3.112667
  164 2.938440
  165 2.785015
  166 2.650222
  167 2.531777
  168 2.427368
  169 2.334735
  170 2.251737
  171 2.176411
  172 2.107011
  173 2.042030
  174 1.980205
  175 1.920506
  176 1.862124
  177 1.804444
  178 1.747025
  179 1.689570
  180 1.631905
  181 1.573956
  182 1.515724
  183 1.457276
  184 1.398721
  185 1.340201
  186 1.281881
  187 1.223939
  188 1.166555
  189 1.109912
  190 1.054187
  191 0.999547
  192 0.946147
  193 0.894132
  194 0.843629
  195 0.794749
  196 0.747590
  197 0.702231
  198 0.658736
  199 0.617155
  200 0.577522
  201 0.539857
  202 0.504166
  203 0.470444
  204 0.438674
  205 0.408829
  206 0.380870
  207 0.354753
  208 0.330423
  209 0.307819
  210 0.286874
  211 0.267515
  212 0.249665
  213 0.233243
  214 0.218164
  215 0.204342
  216 0.191691
  217 0.180122
  218 0.169548
  219 0.159884
  220 0.151047
  221 0.142958
  222 0.135542
  223 0.128726
  224 0.122448
  225 0.116645
  226 0.111264
  227 0.106255
  228 0.101577
  229 0.097190
  230 0.093061
  231 0.089161
  232 0.085465
  233 0.081953
  234 0.078605
  235 0.075407
  236 0.072346
  237 0.069409
  238 0.066589
  239 0.063876
  240 0.061264
  241 0.058746
  242 0.056318
  243 0.053975
  244 0.051713
  245 0.049527
  246 0.047416
  247 0.045375
  248 0.043402
  249 0.041495
  250 0.039651
  251 0.037868
  252 0.036144
  253 0.034477
  254 0.032865
  255 0.031308
  256 0.029803
  257 0.028350
  258 0.026947
  259 0.025592
  260 0.024286
  261 0.023027
  262 0.021815
  263 0.020648
  264 0.019526
  265 0.018448
  266 0.017413
  267 0.016422
  268 0.015473
  269 0.014566
  270 0.013700
  271 0.012874
  272 0.012088
  273 0.011342
  274 0.010635
  275 0.009965
  276 0.009333
  277 0.008737
  278 0.008178
  279 0.007653
  280 0.007162
  281 0.006704
  282 0.006278
  283 0.005883
  284 0.005518
  285 0.005182
  286 0.004872
  287 0.004588
  288 0.004329
  289 0.004092
  290 0.003876
  291 0.003679
  292 0.003500
  293 0.003337
  294 0.003189
  295 0.003053
  296 0.002927
  297 0.002812
  298 0.002705
  299 0.002604
  300 0.002510
  301 0.002420
  302 0.002335
  303 0.002253
  304 0.002174
  305 0.002097
  306 0.002022
  307 0.001949
  308 0.001877
  309 0.001806
  310 0.001736
  311 0.001667
  312 0.001600
  313 0.001533
  314 0.001467
  315 0.001403
  316 0.001340
  317 0.001277
  318 0.001217
  319 0.001157
  320 0.001099
  321 0.001043
  322 0.000988
  323 0.000935
  324 0.000883
  325 0.000834
  326 0.000786
  327 0.000740
  328 0.000696
  329 0.000654
  330 0.000613
  331 0.000575
  332 0.000539
  333 0.000504
  334 0.000472
  335 0.000441
  336 0.000413
  337 0.000386
  338 0.000361
  339 0.000337
