1.225 1.22514 1.22514 1.22517 1.22522 1.22532 1.22546 1.22575 1.22619 1.2261 1.22772 1.23949 1.22218 1.22537 1.21857 1.21515 1.21174 1.20852 1.20563 1.20313 1.20134 1.20028 1.20045 1.20366 1.23801 1.274 1.23801 1.20366 1.20045 1.20028 1.20134 1.20313 1.20563 1.20852 1.21174 1.21515 1.21857 1.22537 1.22218 1.23949 1.22772 1.2261 1.22619 1.22575 1.22546 1.22532 1.22522 1.22517 1.22514 1.22514 1.225 
1.22514 1.22514 1.22514 1.22517 1.22522 1.22532 1.22546 1.22575 1.22619 1.2261 1.22772 1.23949 1.22218 1.22537 1.21857 1.21515 1.21174 1.20852 1.20563 1.20313 1.20134 1.20028 1.20045 1.20366 1.23801 1.274 1.23801 1.20366 1.20045 1.20028 1.20134 1.20313 1.20563 1.20852 1.21174 1.21515 1.21857 1.22537 1.22218 1.23949 1.22772 1.2261 1.22619 1.22575 1.22546 1.22532 1.22522 1.22517 1.22514 1.22514 1.22514 
1.22514 1.22514 1.22514 1.22517 1.22523 1.22532 1.22546 1.22575 1.22619 1.22615 1.22801 1.23695 1.22274 1.22496 1.21862 1.21535 1.21203 1.20895 1.20626 1.20404 1.20261 1.20216 1.20371 1.2108 1.24509 1.27406 1.24509 1.2108 1.20371 1.20216 1.20261 1.20404 1.20626 1.20895 1.21203 1.21535 1.21862 1.22496 1.22274 1.23695 1.22801 1.22615 1.22619 1.22575 1.22546 1.22532 1.22523 1.22517 1.22514 1.22514 1.22514 
1.22515 1.22515 1.22516 1.22518 1.22524 1.22534 1.22548 1.22577 1.2262 1.2262 1.22819 1.23543 1.22309 1.2246 1.21866 1.21551 1.21228 1.20935 1.20684 1.20488 1.20383 1.20403 1.20697 1.21717 1.25107 1.27913 1.25107 1.21717 1.20697 1.20403 1.20383 1.20488 1.20684 1.20935 1.21228 1.21551 1.21866 1.2246 1.22309 1.23543 1.22819 1.2262 1.2262 1.22577 1.22548 1.22534 1.22524 1.22518 1.22516 1.22515 1.22515 
1.22517 1.22517 1.22518 1.22521 1.22527 1.22537 1.22552 1.22581 1.22623 1.22628 1.22829 1.23375 1.22344 1.22422 1.21872 1.21571 1.21261 1.20985 1.20757 1.20592 1.20532 1.20628 1.21086 1.22412 1.25579 1.27666 1.25579 1.22412 1.21086 1.20628 1.20532 1.20592 1.20757 1.20985 1.21261 1.21571 1.21872 1.22422 1.22344 1.23375 1.22829 1.22628 1.22623 1.22581 1.22552 1.22537 1.22527 1.22521 1.22518 1.22517 1.22517 
1.2252 1.2252 1.22521 1.22524 1.22531 1.22541 1.22556 1.22585 1.22625 1.22635 1.22829 1.23219 1.2237 1.22382 1.2188 1.21595 1.21299 1.21043 1.2084 1.20708 1.20694 1.20866 1.21478 1.22987 1.25743 1.27423 1.25743 1.22987 1.21478 1.20866 1.20694 1.20708 1.2084 1.21043 1.21299 1.21595 1.2188 1.22382 1.2237 1.23219 1.22829 1.22635 1.22625 1.22585 1.22556 1.22541 1.22531 1.22524 1.22521 1.2252 1.2252 
1.22522 1.22522 1.22524 1.22528 1.22535 1.22545 1.2256 1.22588 1.22625 1.2264 1.22816 1.23072 1.22387 1.22342 1.2189 1.2162 1.21341 1.21106 1.20929 1.2083 1.20861 1.21106 1.21848 1.23425 1.25708 1.2695 1.25708 1.23425 1.21848 1.21106 1.20861 1.2083 1.20929 1.21106 1.21341 1.2162 1.2189 1.22342 1.22387 1.23072 1.22816 1.2264 1.22625 1.22588 1.2256 1.22545 1.22535 1.22528 1.22524 1.22522 1.22522 
1.22525 1.22525 1.22527 1.22531 1.22537 1.22548 1.22562 1.22589 1.22622 1.22639 1.2279 1.22938 1.22395 1.22304 1.21901 1.21647 1.21387 1.21177 1.21027 1.20963 1.2104 1.21356 1.22202 1.23743 1.25558 1.26521 1.25558 1.23743 1.22202 1.21356 1.2104 1.20963 1.21027 1.21177 1.21387 1.21647 1.21901 1.22304 1.22395 1.22938 1.2279 1.22639 1.22622 1.22589 1.22562 1.22548 1.22537 1.22531 1.22527 1.22525 1.22525 
1.22527 1.22527 1.22529 1.22533 1.22539 1.22549 1.22562 1.22587 1.22615 1.22633 1.22753 1.22818 1.22394 1.2227 1.21916 1.21678 1.21441 1.21257 1.21138 1.21111 1.21235 1.21622 1.22533 1.23948 1.2533 1.26053 1.2533 1.23948 1.22533 1.21622 1.21235 1.21111 1.21138 1.21257 1.21441 1.21678 1.21916 1.2227 1.22394 1.22818 1.22753 1.22633 1.22615 1.22587 1.22562 1.22549 1.22539 1.22533 1.22529 1.22527 1.22527 
1.22528 1.22528 1.2253 1.22534 1.2254 1.22548 1.22561 1.22583 1.22605 1.22622 1.2271 1.22716 1.22387 1.22242 1.21934 1.21716 1.21505 1.21351 1.21265 1.21277 1.2145 1.21897 1.2282 1.24037 1.2505 1.25595 1.2505 1.24037 1.2282 1.21897 1.2145 1.21277 1.21265 1.21351 1.21505 1.21716 1.21934 1.22242 1.22387 1.22716 1.2271 1.22622 1.22605 1.22583 1.22561 1.22548 1.2254 1.22534 1.2253 1.22528 1.22528 
1.22529 1.22529 1.2253 1.22533 1.22539 1.22547 1.22558 1.22576 1.22594 1.22607 1.22663 1.2263 1.22375 1.22222 1.21958 1.21762 1.2158 1.21459 1.21408 1.21459 1.21677 1.22162 1.23036 1.2402 1.24739 1.25142 1.24739 1.2402 1.23036 1.22162 1.21677 1.21459 1.21408 1.21459 1.2158 1.21762 1.21958 1.22222 1.22375 1.2263 1.22663 1.22607 1.22594 1.22576 1.22558 1.22547 1.22539 1.22533 1.2253 1.22529 1.22529 
1.22528 1.22528 1.2253 1.22532 1.22537 1.22544 1.22553 1.22568 1.2258 1.22589 1.22617 1.22562 1.22363 1.2221 1.21988 1.21816 1.21667 1.2158 1.21563 1.21651 1.21902 1.22393 1.23167 1.2392 1.24421 1.24713 1.24421 1.2392 1.23167 1.22393 1.21902 1.21651 1.21563 1.2158 1.21667 1.21816 1.21988 1.2221 1.22363 1.22562 1.22617 1.22589 1.2258 1.22568 1.22553 1.22544 1.22537 1.22532 1.2253 1.22528 1.22528 
1.22528 1.22528 1.22529 1.22531 1.22535 1.22541 1.22549 1.22559 1.22567 1.22569 1.22574 1.22508 1.22351 1.22207 1.22025 1.2188 1.21765 1.21711 1.21726 1.21843 1.22111 1.22574 1.23216 1.23766 1.24112 1.24317 1.24112 1.23766 1.23216 1.22574 1.22111 1.21843 1.21726 1.21711 1.21765 1.2188 1.22025 1.22207 1.22351 1.22508 1.22574 1.22569 1.22567 1.22559 1.22549 1.22541 1.22535 1.22531 1.22529 1.22528 1.22528 
1.22527 1.22527 1.22528 1.2253 1.22533 1.22537 1.22543 1.2255 1.22552 1.22548 1.22536 1.22468 1.22342 1.22215 1.22068 1.21953 1.21871 1.21848 1.2189 1.22025 1.2229 1.22697 1.23197 1.23586 1.23822 1.23962 1.23822 1.23586 1.23197 1.22697 1.2229 1.22025 1.2189 1.21848 1.21871 1.21953 1.22068 1.22215 1.22342 1.22468 1.22536 1.22548 1.22552 1.2255 1.22543 1.22537 1.22533 1.2253 1.22528 1.22527 1.22527 
1.22526 1.22526 1.22526 1.22528 1.22531 1.22534 1.22537 1.2254 1.22538 1.22528 1.22504 1.2244 1.22339 1.22232 1.22119 1.22032 1.21982 1.21986 1.22046 1.22187 1.22429 1.22762 1.23133 1.234 1.2356 1.23653 1.2356 1.234 1.23133 1.22762 1.22429 1.22187 1.22046 1.21986 1.21982 1.22032 1.22119 1.22232 1.22339 1.2244 1.22504 1.22528 1.22538 1.2254 1.22537 1.22534 1.22531 1.22528 1.22526 1.22526 1.22526 
1.22524 1.22524 1.22525 1.22526 1.22528 1.2253 1.22531 1.2253 1.22524 1.22509 1.2248 1.22423 1.22343 1.22257 1.22175 1.22116 1.22094 1.22117 1.22187 1.2232 1.22524 1.22781 1.23043 1.23223 1.2333 1.23391 1.2333 1.23223 1.23043 1.22781 1.22524 1.2232 1.22187 1.22117 1.22094 1.22116 1.22175 1.22257 1.22343 1.22423 1.2248 1.22509 1.22524 1.2253 1.22531 1.2253 1.22528 1.22526 1.22525 1.22524 1.22524 
1.22523 1.22523 1.22523 1.22524 1.22525 1.22525 1.22524 1.22521 1.22512 1.22495 1.22464 1.22416 1.22355 1.22291 1.22234 1.22201 1.22199 1.22235 1.22304 1.2242 1.2258 1.22766 1.22945 1.23064 1.23135 1.23174 1.23135 1.23064 1.22945 1.22766 1.2258 1.2242 1.22304 1.22235 1.22199 1.22201 1.22234 1.22291 1.22355 1.22416 1.22464 1.22495 1.22512 1.22521 1.22524 1.22525 1.22525 1.22524 1.22523 1.22523 1.22523 
1.22521 1.22521 1.22521 1.22522 1.22521 1.2252 1.22518 1.22512 1.22502 1.22484 1.22456 1.22418 1.22373 1.22329 1.22295 1.22281 1.22293 1.22332 1.22394 1.22487 1.22605 1.22733 1.22851 1.22929 1.22975 1.22999 1.22975 1.22929 1.22851 1.22733 1.22605 1.22487 1.22394 1.22332 1.22293 1.22281 1.22295 1.22329 1.22373 1.22418 1.22456 1.22484 1.22502 1.22512 1.22518 1.2252 1.22521 1.22522 1.22521 1.22521 1.22521 
1.22519 1.22519 1.22519 1.22519 1.22518 1.22516 1.22512 1.22506 1.22495 1.22478 1.22455 1.22426 1.22396 1.22369 1.22352 1.22351 1.22371 1.22407 1.22458 1.22526 1.22608 1.22693 1.22768 1.22818 1.22847 1.22862 1.22847 1.22818 1.22768 1.22693 1.22608 1.22526 1.22458 1.22407 1.22371 1.22351 1.22352 1.22369 1.22396 1.22426 1.22455 1.22478 1.22495 1.22506 1.22512 1.22516 1.22518 1.22519 1.22519 1.22519 1.22519 
1.22517 1.22517 1.22517 1.22516 1.22515 1.22512 1.22508 1.22501 1.22491 1.22477 1.22459 1.2244 1.22421 1.22407 1.22402 1.22409 1.2243 1.2246 1.22498 1.22545 1.22599 1.22652 1.22699 1.2273 1.22748 1.22758 1.22748 1.2273 1.22699 1.22652 1.22599 1.22545 1.22498 1.2246 1.2243 1.22409 1.22402 1.22407 1.22421 1.2244 1.22459 1.22477 1.22491 1.22501 1.22508 1.22512 1.22515 1.22516 1.22517 1.22517 1.22517 
1.22515 1.22515 1.22514 1.22513 1.22512 1.22509 1.22505 1.22498 1.2249 1.22479 1.22467 1.22455 1.22446 1.22441 1.22443 1.22453 1.22471 1.22494 1.2252 1.22551 1.22585 1.22617 1.22645 1.22664 1.22675 1.22681 1.22675 1.22664 1.22645 1.22617 1.22585 1.22551 1.2252 1.22494 1.22471 1.22453 1.22443 1.22441 1.22446 1.22455 1.22467 1.22479 1.2249 1.22498 1.22505 1.22509 1.22512 1.22513 1.22514 1.22515 1.22515 
1.22512 1.22512 1.22512 1.22511 1.22509 1.22506 1.22502 1.22497 1.22491 1.22484 1.22477 1.22472 1.22468 1.22469 1.22474 1.22485 1.22499 1.22515 1.22531 1.22551 1.22571 1.2259 1.22606 1.22617 1.22623 1.22626 1.22623 1.22617 1.22606 1.2259 1.22571 1.22551 1.22531 1.22515 1.22499 1.22485 1.22474 1.22469 1.22468 1.22472 1.22477 1.22484 1.22491 1.22497 1.22502 1.22506 1.22509 1.22511 1.22512 1.22512 1.22512 
1.2251 1.2251 1.2251 1.22509 1.22507 1.22505 1.22503 1.22499 1.22496 1.22492 1.22488 1.22487 1.22487 1.2249 1.22495 1.22503 1.22513 1.22522 1.22532 1.22543 1.22554 1.22565 1.22574 1.2258 1.22583 1.22585 1.22583 1.2258 1.22574 1.22565 1.22554 1.22543 1.22532 1.22522 1.22513 1.22503 1.22495 1.2249 1.22487 1.22487 1.22488 1.22492 1.22496 1.22499 1.22503 1.22505 1.22507 1.22509 1.2251 1.2251 1.2251 
1.22507 1.22507 1.22507 1.22506 1.22505 1.22503 1.225 1.22498 1.22495 1.22493 1.22493 1.22494 1.22496 1.225 1.22505 1.2251 1.22517 1.22523 1.22529 1.22536 1.22543 1.22549 1.22554 1.22557 1.2256 1.2256 1.2256 1.22557 1.22554 1.22549 1.22543 1.22536 1.22529 1.22523 1.22517 1.2251 1.22505 1.225 1.22496 1.22494 1.22493 1.22493 1.22495 1.22498 1.225 1.22503 1.22505 1.22506 1.22507 1.22507 1.22507 
1.22508 1.22508 1.22508 1.22507 1.22506 1.22506 1.22507 1.22508 1.2251 1.22513 1.22516 1.2252 1.22524 1.22528 1.22533 1.22538 1.22543 1.22547 1.2255 1.22554 1.22557 1.22559 1.22561 1.22562 1.22563 1.22564 1.22563 1.22562 1.22561 1.22559 1.22557 1.22554 1.2255 1.22547 1.22543 1.22538 1.22533 1.22528 1.22524 1.2252 1.22516 1.22513 1.2251 1.22508 1.22507 1.22506 1.22506 1.22507 1.22508 1.22508 1.22508 
1.225 1.225 1.225 1.225 1.225 1.225 1.225 1.225 1.225 1.225 1.225 1.225 1.225 1.225 1.225 1.225 1.225 1.225 1.225 1.225 1.225 1.225 1.225 1.225 1.225 1.225 1.225 1.225 1.225 1.225 1.225 1.225 1.225 1.225 1.225 1.225 1.225 1.225 1.225 1.225 1.225 1.225 1.225 1.225 1.225 1.225 1.225 1.225 1.225 1.225 1.225 
