0 1.01121e-08 9.13772e-09 5.59774e-09 2.18595e-09 -2.35687e-10 -2.12318e-09 -3.87407e-09 -5.55427e-09 -7.80029e-09 -1.21619e-08 -1.00293e-08 14.3392 13.6107 12.0025 10.1151 7.59302 4.2068 -0.283736 -6.05107 -13.3281 -22.5328 -34.3569 -49.901 -60.0384 9.47919e-08 60.0384 49.901 34.3569 22.5328 13.3281 6.05107 0.283736 -4.2068 -7.59302 -10.1151 -12.0025 -13.6107 -14.3392 -1.00293e-08 -1.21619e-08 -7.80029e-09 -5.55427e-09 -3.87407e-09 -2.12318e-09 -2.35687e-10 2.18595e-09 5.59774e-09 9.13772e-09 1.01121e-08 0 
0.00141629 0.00141629 0.00460886 0.00801734 0.0118049 0.0175644 0.0270502 0.0420106 0.0722917 0.144638 0.178502 1.36884 13.474 13.106 11.5924 9.70012 7.14176 3.71636 -0.790299 -6.60275 -14.0008 -23.4457 -35.748 -51.4442 -60.114 1.00719e-07 60.114 51.4442 35.748 23.4457 14.0008 6.60275 0.790299 -3.71636 -7.14176 -9.70012 -11.5924 -13.106 -13.474 -1.36884 -0.178502 -0.144638 -0.0722918 -0.0420106 -0.0270502 -0.0175644 -0.0118049 -0.00801733 -0.00460884 -0.00141627 -0.00141627 
0.00287097 0.00287097 0.0094706 0.016417 0.0240877 0.035808 0.0551121 0.0856729 0.148675 0.313463 0.499327 1.83626 12.7469 12.3831 11.1416 9.29331 6.72804 3.30609 -1.18437 -7.00167 -14.4614 -24.0439 -36.4501 -51.3966 -57.7539 1.08756e-07 57.7539 51.3966 36.4501 24.0439 14.4614 7.00167 1.18437 -3.30609 -6.72804 -9.29331 -11.1416 -12.3831 -12.7469 -1.83626 -0.499327 -0.313463 -0.148675 -0.0856729 -0.0551121 -0.035808 -0.0240877 -0.016417 -0.00947058 -0.00287095 -0.00287095 
0.00434603 0.00434603 0.0146577 0.0255242 0.0375097 0.055856 0.086174 0.134663 0.235543 0.485359 0.809515 2.55576 11.8798 11.6163 10.6077 8.78638 6.2101 2.77416 -1.74208 -7.6048 -15.146 -24.831 -37.1536 -51.1202 -53.8632 1.61994e-07 53.8632 51.1202 37.1536 24.831 15.146 7.6048 1.74208 -2.77416 -6.2101 -8.78638 -10.6077 -11.6163 -11.8798 -2.55576 -0.809515 -0.485359 -0.235543 -0.134663 -0.086174 -0.055856 -0.0375097 -0.0255242 -0.0146577 -0.00434601 -0.00434601 
0.00546762 0.00546762 0.0192526 0.0339313 0.0501682 0.0751172 0.116592 0.183835 0.324989 0.654913 1.09694 3.08268 10.9653 10.8013 9.99274 8.1989 5.61413 2.16024 -2.38155 -8.26278 -15.8069 -25.4014 -37.2253 -49.4291 -47.916 2.1401e-07 47.916 49.4291 37.2253 25.4014 15.8069 8.26278 2.38155 -2.16024 -5.61413 -8.1989 -9.99274 -10.8013 -10.9653 -3.08268 -1.09694 -0.654913 -0.324989 -0.183835 -0.116592 -0.0751172 -0.0501682 -0.0339313 -0.0192526 -0.0054676 -0.0054676 
0.00595089 0.00595089 0.022581 0.040736 0.0610211 0.0923455 0.144781 0.230907 0.411074 0.806069 1.35541 3.48726 10.0149 9.95242 9.29287 7.52143 4.93522 1.47261 -3.06554 -8.89896 -16.3195 -25.5897 -36.5249 -46.419 -41.192 2.07374e-07 41.192 46.419 36.5249 25.5897 16.3195 8.89896 3.06554 -1.47261 -4.93522 -7.52143 -9.29287 -9.95242 -10.0149 -3.48726 -1.35541 -0.806069 -0.411074 -0.230907 -0.144781 -0.0923455 -0.0610211 -0.040736 -0.022581 -0.00595087 -0.00595087 
0.00563895 0.00563895 0.0242301 0.0454522 0.0696315 0.107136 0.170202 0.274809 0.491133 0.936879 1.58001 3.76346 9.05698 9.08438 8.51547 6.7641 4.19042 0.742272 -3.74449 -9.44929 -16.6166 -25.3565 -35.0888 -42.3296 -34.3422 1.90342e-07 34.3422 42.3296 35.0888 25.3565 16.6166 9.44929 3.74449 -0.742272 -4.19042 -6.7641 -8.51547 -9.08438 -9.05698 -3.76346 -1.58001 -0.936879 -0.491133 -0.274809 -0.170202 -0.107136 -0.0696315 -0.0454521 -0.0242301 -0.00563894 -0.00563894 
0.00464355 0.00464355 0.0244054 0.0485168 0.0767829 0.120684 0.194469 0.317621 0.567494 1.05343 1.77759 3.91742 8.11533 8.2038 7.67401 5.94657 3.4044 0.00125943 -4.38279 -9.88462 -16.689 -24.7298 -33.0032 -37.4861 -27.9472 1.70378e-07 27.9472 37.4861 33.0032 24.7298 16.689 9.88462 4.38279 -0.00125947 -3.4044 -5.94657 -7.67401 -8.2038 -8.11533 -3.91742 -1.77759 -1.05343 -0.567494 -0.317621 -0.194469 -0.120684 -0.0767829 -0.0485168 -0.0244053 -0.00464353 -0.00464353 
0.00335157 0.00335157 0.0239483 0.0512261 0.0842444 0.135307 0.220546 0.363081 0.644209 1.16073 1.94538 3.95481 7.20073 7.31504 6.78306 5.08616 2.59304 -0.736304 -4.97258 -10.2076 -16.5507 -23.7319 -30.328 -32.1873 -22.2135 1.48729e-07 22.2135 32.1873 30.328 23.7319 16.5507 10.2076 4.97258 0.736304 -2.59304 -5.08616 -6.78306 -7.31504 -7.20073 -3.95481 -1.94538 -1.16073 -0.644209 -0.363081 -0.220546 -0.135307 -0.0842444 -0.0512262 -0.0239483 -0.00335156 -0.00335156 
0.00229302 0.00229302 0.0240283 0.0551874 0.0939063 0.153133 0.250709 0.413087 0.721162 1.25575 2.06956 3.87556 6.31521 6.41916 5.85476 4.19426 1.76413 -1.46403 -5.50753 -10.4076 -16.179 -22.3306 -27.1105 -26.7632 -17.2816 1.24848e-07 17.2816 26.7632 27.1105 22.3306 16.179 10.4076 5.50753 1.46403 -1.76413 -4.19426 -5.85476 -6.41916 -6.31521 -3.87556 -2.06956 -1.25575 -0.721162 -0.413087 -0.250709 -0.153133 -0.0939063 -0.0551874 -0.0240283 -0.00229301 -0.00229301 
0.00190486 0.00190486 0.0255922 0.0614844 0.106664 0.174609 0.284481 0.464975 0.791557 1.32726 2.13162 3.68277 5.45703 5.51689 4.90065 3.28151 0.92911 -2.16374 -5.95809 -10.4387 -15.5129 -20.486 -23.4728 -21.5625 -13.1847 1.01335e-07 13.1847 21.5625 23.4728 20.486 15.5129 10.4387 5.95809 2.16374 -0.92911 -3.28151 -4.90065 -5.51689 -5.45703 -3.68277 -2.13162 -1.32726 -0.791557 -0.464975 -0.284481 -0.174609 -0.106664 -0.0614844 -0.0255922 -0.00190485 -0.00190485 
0.00229986 0.00229986 0.0288438 0.0700107 0.121722 0.197832 0.318183 0.51196 0.844794 1.36211 2.1178 3.38788 4.62572 4.6136 3.93767 2.36762 0.115432 -2.79492 -6.2698 -10.2366 -14.4975 -18.2208 -19.6371 -16.8779 -9.8883 8.00611e-08 9.8883 16.8779 19.6371 18.2208 14.4975 10.2366 6.2698 2.79492 -0.115433 -2.36762 -3.93767 -4.6136 -4.62572 -3.38788 -2.1178 -1.36211 -0.844794 -0.51196 -0.318183 -0.197832 -0.121722 -0.0700107 -0.0288438 -0.00229985 -0.00229985 
0.00318621 0.00318621 0.0330894 0.0794351 0.136876 0.219364 0.346659 0.546512 0.87182 1.3519 2.02501 3.01149 3.82497 3.72264 2.99181 1.4851 -0.633546 -3.3033 -6.38389 -9.75195 -13.1275 -15.6472 -15.8711 -12.8796 -7.30316 6.17166e-08 7.30316 12.8796 15.8711 15.6472 13.1275 9.75195 6.38389 3.3033 0.633546 -1.4851 -2.99181 -3.72264 -3.82497 -3.01149 -2.02501 -1.3519 -0.87182 -0.546512 -0.34666 -0.219364 -0.136876 -0.0794351 -0.0330894 -0.0031862 -0.0031862 
0.00401434 0.00401434 0.0371017 0.0878878 0.14963 0.235954 0.36576 0.563603 0.868363 1.29503 1.86051 2.57965 3.06276 2.86487 2.09597 0.674313 -1.26925 -3.63817 -6.25963 -8.97452 -11.4626 -12.9438 -12.4108 -9.61218 -5.31725 4.63775e-08 5.31725 9.61218 12.4108 12.9438 11.4626 8.97452 6.25963 3.63817 1.26925 -0.674313 -2.09597 -2.86487 -3.06276 -2.57965 -1.86051 -1.29503 -0.868363 -0.563603 -0.36576 -0.235954 -0.14963 -0.0878878 -0.0371017 -0.00401433 -0.00401433 
0.00428098 0.00428098 0.0397941 0.0939117 0.158338 0.245785 0.373513 0.561395 0.834366 1.19488 1.63819 2.11933 2.35003 2.06513 1.28458 -0.0242872 -1.74876 -3.76483 -5.88595 -7.93999 -9.61825 -10.3083 -9.41153 -7.03177 -3.81764 3.38762e-08 3.81764 7.03177 9.41153 10.3083 9.61825 7.93999 5.88595 3.76483 1.74876 0.0242872 -1.28458 -2.06513 -2.35003 -2.11933 -1.63819 -1.19488 -0.834366 -0.561395 -0.373513 -0.245785 -0.158338 -0.0939117 -0.0397941 -0.00428096 -0.00428096 
0.00378638 0.00378638 0.0407297 0.0969697 0.162469 0.24834 0.369401 0.539805 0.771805 1.05755 1.37532 1.65589 1.69979 1.34894 0.589504 -0.575734 -2.04179 -3.67161 -5.28643 -6.72723 -7.74078 -7.9096 -6.93759 -5.0481 -2.70198 2.38872e-08 2.70198 5.0481 6.93759 7.9096 7.74078 6.72723 5.28643 3.67161 2.04179 0.575734 -0.589504 -1.34894 -1.69979 -1.65589 -1.37532 -1.05755 -0.771805 -0.539805 -0.369401 -0.24834 -0.162469 -0.0969697 -0.0407297 -0.00378637 -0.00378637 
0.00265742 0.00265742 0.0400998 0.097171 0.161965 0.243366 0.353094 0.499263 0.683791 0.89153 1.09115 1.21283 1.12681 0.740356 0.0372274 -0.955323 -2.13709 -3.37574 -4.52018 -5.44515 -5.97332 -5.85694 -4.97971 -3.55637 -1.88311 1.59908e-08 1.88311 3.55637 4.97971 5.85694 5.97332 5.44515 4.52018 3.37574 2.13709 0.955323 -0.0372274 -0.740356 -1.12681 -1.21283 -1.09115 -0.89153 -0.683791 -0.499263 -0.353094 -0.243366 -0.161965 -0.097171 -0.0400998 -0.0026574 -0.0026574 
0.00114248 0.00114248 0.0382731 0.0946264 0.156514 0.230271 0.324248 0.441074 0.575382 0.708249 0.806363 0.811969 0.646388 0.258947 -0.355515 -1.15538 -2.04912 -2.92534 -3.67289 -4.20796 -4.42425 -4.1929 -3.48329 -2.4561 -1.28994 9.76327e-09 1.28994 2.4561 3.48329 4.1929 4.42425 4.20796 3.67289 2.92534 2.04912 1.15538 0.355515 -0.258947 -0.646388 -0.811969 -0.806363 -0.708249 -0.575382 -0.441074 -0.324248 -0.230271 -0.156514 -0.0946264 -0.0382731 -0.00114247 -0.00114247 
-0.000606832 -0.000606832 0.0354243 0.0891948 0.145653 0.208712 0.283566 0.368636 0.454471 0.52184 0.541361 0.471929 0.270576 -0.0852436 -0.587837 -1.19117 -1.81917 -2.39087 -2.83619 -3.10768 -3.15061 -2.90578 -2.37388 -1.65967 -0.866259 4.84882e-09 0.866259 1.65967 2.37388 2.90578 3.15061 3.10768 2.83619 2.39087 1.81917 1.19117 0.587837 0.0852435 -0.270576 -0.47193 -0.541361 -0.52184 -0.454471 -0.368636 -0.283566 -0.208712 -0.145653 -0.0891948 -0.0354243 0.000606843 0.000606843 
-0.00259627 -0.00259627 0.0315318 0.0807798 0.129436 0.179481 0.233598 0.287661 0.331034 0.346995 0.313475 0.205516 0.00394076 -0.295665 -0.677243 -1.09903 -1.50526 -1.84595 -2.08409 -2.19693 -2.16032 -1.95016 -1.57412 -1.09441 -0.56846 9.6873e-10 0.56846 1.09441 1.57412 1.95016 2.16032 2.19693 2.08409 1.84595 1.50526 1.09903 0.677243 0.295665 -0.0039408 -0.205516 -0.313475 -0.346995 -0.331034 -0.287661 -0.233598 -0.179481 -0.129436 -0.0807798 -0.0315318 0.00259629 0.00259629 
-0.00468993 -0.00468993 0.0267768 0.0699644 0.109326 0.145543 0.179651 0.206638 0.216882 0.197882 0.135734 0.0184356 -0.158572 -0.389708 -0.656761 -0.927748 -1.16733 -1.3502 -1.46075 -1.4897 -1.42805 -1.26728 -1.01393 -0.702334 -0.363347 -2.1025e-09 0.363347 0.702334 1.01393 1.26728 1.42805 1.4897 1.46075 1.3502 1.16733 0.927748 0.656761 0.389708 0.158572 -0.0184356 -0.135734 -0.197882 -0.216882 -0.206639 -0.179651 -0.145543 -0.109326 -0.0699645 -0.0267768 0.00468995 0.00468995 
-0.00685366 -0.00685366 0.0212427 0.0577093 0.0878289 0.111317 0.128202 0.133834 0.121003 0.0821171 0.0106247 -0.0965282 -0.236227 -0.399299 -0.57026 -0.72841 -0.854923 -0.940301 -0.980215 -0.971307 -0.910946 -0.796857 -0.63309 -0.43731 -0.2254 -4.35143e-09 0.2254 0.43731 0.63309 0.796857 0.910946 0.971307 0.980215 0.940301 0.854923 0.72841 0.57026 0.399299 0.236227 0.0965282 -0.0106248 -0.0821171 -0.121003 -0.133834 -0.128202 -0.111317 -0.0878289 -0.0577093 -0.0212427 0.00685368 0.00685368 
-0.00948827 -0.00948827 0.0137102 0.0427413 0.0643897 0.0774848 0.0815384 0.0731448 0.0481193 0.00334224 -0.062413 -0.147243 -0.245481 -0.348826 -0.446877 -0.528577 -0.585936 -0.617451 -0.623342 -0.60232 -0.55404 -0.478468 -0.37771 -0.260183 -0.133612 -5.76904e-09 0.133612 0.260183 0.37771 0.478468 0.55404 0.60232 0.623342 0.617451 0.585936 0.528577 0.446877 0.348826 0.245481 0.147243 0.062413 -0.00334229 -0.0481193 -0.0731448 -0.0815384 -0.0774848 -0.0643897 -0.0427412 -0.0137102 0.00948829 0.00948829 
-0.00926835 -0.00926835 0.00717838 0.0288759 0.0456637 0.0556219 0.0573216 0.0475197 0.0231618 -0.0167575 -0.0704111 -0.132877 -0.197903 -0.259623 -0.312412 -0.351538 -0.374522 -0.382437 -0.376592 -0.356528 -0.322778 -0.275816 -0.21662 -0.148886 -0.0761918 -7.08349e-09 0.0761918 0.148886 0.21662 0.275816 0.322778 0.356528 0.376592 0.382437 0.374522 0.351538 0.312412 0.259623 0.197903 0.132877 0.070411 0.0167575 -0.0231619 -0.0475197 -0.0573216 -0.0556219 -0.0456637 -0.0288758 -0.00717834 0.00926839 0.00926839 
-0.0233118 -0.0233118 -0.0141347 -0.00107495 0.00850713 0.0116254 0.00608299 -0.0101592 -0.0374233 -0.0734851 -0.114394 -0.156041 -0.194649 -0.227317 -0.25199 -0.266981 -0.271225 -0.264466 -0.247616 -0.2242 -0.196579 -0.164493 -0.127821 -0.0873852 -0.0443796 -5.95851e-09 0.0443796 0.0873852 0.127821 0.164493 0.196579 0.2242 0.247616 0.264466 0.271225 0.266981 0.25199 0.227317 0.194649 0.156041 0.114394 0.073485 0.0374232 0.0101591 -0.00608306 -0.0116255 -0.00850716 0.00107494 0.0141347 0.0233118 0.0233118 
0 0 0 0 0 0 0 0 0 0 0 0 0 0 0 0 0 0 0 0 0 0 0 0 0 0 0 0 0 0 0 0 0 0 0 0 0 0 0 0 0 0 0 0 0 0 0 0 0 0 0 
