259696 259701 259697 259697 259701 259710 259727 259774 259847 259753 260045 262917 257962 259731 258121 257533 256896 256298 255714 255102 254585 254147 253899 254518 263729 274501 263729 254518 253899 254147 254585 255102 255714 256298 256896 257533 258121 259731 257962 262917 260045 259753 259847 259774 259727 259710 259701 259697 259697 259701 259696 
259701 259701 259697 259697 259701 259710 259727 259774 259847 259753 260045 262961 258034 259816 258205 257617 256976 256357 255767 255190 254716 254331 254144 254663 263874 274550 263874 254663 254144 254331 254716 255190 255767 256357 256976 257617 258205 259816 258034 262961 260045 259753 259847 259774 259727 259710 259701 259697 259697 259701 259701 
259702 259702 259699 259699 259703 259713 259729 259776 259848 259768 260129 262282 258316 259781 258307 257760 257138 256549 256018 255548 255213 255029 255215 256606 265168 272305 265168 256606 255215 255029 255213 255548 256018 256549 257138 257760 258307 259781 258316 262282 260129 259768 259848 259776 259729 259713 259703 259699 259699 259702 259702 
259708 259708 259705 259707 259712 259724 259742 259791 259862 259793 260199 261937 258567 259761 258401 257881 257279 256725 256251 255865 255637 255601 256037 257904 265569 271841 265569 257904 256037 255601 255637 255865 256251 256725 257279 257881 258401 259761 258567 261937 260199 259793 259862 259791 259742 259724 259712 259707 259705 259708 259708 
259717 259717 259716 259720 259727 259741 259762 259814 259885 259836 260266 261573 258822 259723 258484 257996 257421 256911 256494 256183 256050 256146 256859 259241 265904 270203 265904 259241 256859 256146 256050 256183 256494 256911 257421 257996 258484 259723 258822 261573 260266 259836 259885 259814 259762 259741 259727 259720 259716 259717 259717 
259730 259730 259731 259736 259747 259763 259787 259841 259911 259885 260318 261247 259037 259658 258547 258089 257545 257079 256714 256466 256413 256637 257637 260363 265904 269374 265904 260363 257637 256637 256413 256466 256714 257079 257545 258089 258547 259658 259037 261247 260318 259885 259911 259841 259787 259763 259747 259736 259731 259730 259730 
259744 259744 259746 259754 259766 259784 259810 259866 259932 259927 260331 260936 259197 259572 258590 258158 257646 257221 256903 256711 256734 257096 258383 261280 265701 268182 265701 261280 258383 257096 256734 256711 256903 257221 257646 258158 258590 259572 259197 260936 260331 259927 259932 259866 259810 259784 259766 259754 259746 259744 259744 
259756 259756 259760 259769 259782 259801 259827 259880 259940 259949 260300 260643 259304 259474 258619 258211 257732 257351 257079 256948 257057 257571 259110 261960 265329 267255 265329 261960 259110 257571 257057 256948 257079 257351 257732 258211 258619 259474 259304 260643 260300 259949 259940 259880 259827 259801 259782 259769 259760 259756 259756 
259766 259766 259770 259778 259791 259809 259834 259882 259932 259949 260231 260379 259368 259379 258645 258259 257821 257489 257271 257208 257412 258079 259781 262379 264833 266283 264833 262379 259781 258079 257412 257208 257271 257489 257821 258259 258645 259379 259368 260379 260231 259949 259932 259882 259834 259809 259791 259778 259770 259766 259766 
259772 259772 259775 259783 259794 259810 259832 259874 259913 259933 260141 260154 259403 259298 258678 258318 257928 257652 257494 257505 257803 258601 260341 262543 264275 265392 264275 262543 260341 258601 257803 257505 257494 257652 257928 258318 258678 259298 259403 260154 260141 259933 259913 259874 259832 259810 259794 259783 259775 259772 259772 
259773 259773 259776 259782 259792 259805 259824 259859 259888 259907 260045 259974 259419 259240 258723 258394 258061 257845 257749 257833 258218 259098 260746 262494 263691 264536 263691 262494 260746 259098 258218 257833 257749 257845 258061 258394 258723 259240 259419 259974 260045 259907 259888 259859 259824 259805 259792 259782 259776 259773 259773 
259773 259773 259775 259780 259788 259799 259815 259843 259862 259876 259951 259836 259424 259206 258782 258491 258218 258064 258030 258180 258630 259530 260981 262293 263116 263739 263116 262293 260981 259530 258630 258180 258030 258064 258218 258491 258782 259206 259424 259836 259951 259876 259862 259843 259815 259799 259788 259780 259775 259773 259773 
259770 259770 259772 259776 259783 259792 259806 259826 259838 259843 259867 259734 259423 259196 258854 258605 258396 258302 258323 258528 259013 259864 261059 262000 262567 263010 262567 262000 261059 259864 259013 258528 258323 258302 258396 258605 258854 259196 259423 259734 259867 259843 259838 259826 259806 259792 259783 259776 259772 259770 259770 
259768 259768 259770 259773 259779 259787 259797 259810 259813 259808 259794 259661 259421 259207 258937 258736 258588 258550 258619 258859 259340 260086 261012 261667 262057 262362 262057 261667 261012 260086 259340 258859 258619 258550 258588 258736 258937 259207 259421 259661 259794 259808 259813 259810 259797 259787 259779 259773 259770 259768 259768 
259766 259766 259768 259771 259775 259781 259788 259794 259789 259773 259734 259611 259424 259237 259030 258879 258790 258799 258901 259153 259593 260203 260883 261330 261596 261799 261596 261330 260883 260203 259593 259153 258901 258799 258790 258879 259030 259237 259424 259611 259734 259773 259789 259794 259788 259781 259775 259771 259768 259766 259766 
259765 259765 259766 259768 259771 259775 259777 259777 259766 259741 259689 259582 259436 259283 259134 259031 258992 259035 259155 259394 259766 260233 260711 261012 261192 261324 261192 261012 260711 260233 259766 259394 259155 259035 258992 259031 259134 259283 259436 259582 259689 259741 259766 259777 259777 259775 259771 259768 259766 259765 259765 
259763 259763 259764 259765 259767 259767 259766 259760 259744 259714 259659 259570 259459 259344 259243 259184 259183 259246 259366 259574 259866 260204 260529 260728 260848 260932 260848 260728 260529 260204 259866 259574 259366 259246 259183 259184 259243 259344 259459 259570 259659 259714 259744 259760 259766 259767 259767 259765 259764 259763 259763 
259761 259761 259761 259761 259761 259759 259755 259745 259726 259694 259644 259574 259493 259413 259352 259328 259352 259421 259528 259695 259910 260142 260356 260486 260565 260617 260565 260486 260356 260142 259910 259695 259528 259421 259352 259328 259352 259413 259493 259574 259644 259694 259726 259745 259755 259759 259761 259761 259761 259761 259761 
259758 259758 259758 259757 259755 259752 259745 259733 259714 259684 259642 259590 259535 259485 259456 259456 259491 259555 259642 259767 259915 260068 260205 260288 260339 260371 260339 260288 260205 260068 259915 259767 259642 259555 259491 259456 259456 259485 259535 259590 259642 259684 259714 259733 259745 259752 259755 259757 259758 259758 259758 
259756 259756 259754 259753 259750 259745 259737 259725 259707 259682 259650 259614 259580 259555 259546 259560 259597 259650 259715 259801 259899 259995 260080 260132 260164 260183 260164 260132 260080 259995 259899 259801 259715 259650 259597 259560 259546 259555 259580 259614 259650 259682 259707 259725 259737 259745 259750 259753 259754 259756 259756 
259753 259753 259751 259749 259746 259740 259732 259721 259705 259686 259664 259642 259624 259615 259619 259638 259670 259710 259756 259813 259873 259932 259983 260015 260034 260045 260034 260015 259983 259932 259873 259813 259756 259710 259670 259638 259619 259615 259624 259642 259664 259686 259705 259721 259732 259740 259746 259749 259751 259753 259753 
259749 259749 259748 259746 259742 259737 259730 259720 259709 259696 259683 259673 259667 259667 259677 259695 259721 259748 259778 259813 259849 259883 259912 259931 259943 259949 259943 259931 259912 259883 259849 259813 259778 259748 259721 259695 259677 259667 259667 259673 259683 259696 259709 259720 259730 259737 259742 259746 259748 259749 259749 
259744 259744 259744 259742 259740 259737 259732 259726 259719 259712 259705 259701 259700 259705 259714 259727 259744 259761 259778 259798 259818 259836 259852 259862 259869 259872 259869 259862 259852 259836 259818 259798 259778 259761 259744 259727 259714 259705 259700 259701 259705 259712 259719 259726 259732 259737 259740 259742 259744 259744 259744 
259732 259732 259733 259732 259731 259728 259723 259718 259713 259710 259708 259709 259713 259719 259728 259738 259749 259760 259772 259785 259797 259808 259817 259823 259827 259829 259827 259823 259817 259808 259797 259785 259772 259760 259749 259738 259728 259719 259713 259709 259708 259710 259713 259718 259723 259728 259731 259732 259733 259732 259732 
259729 259729 259729 259728 259729 259730 259734 259741 259748 259757 259764 259772 259780 259789 259798 259807 259815 259823 259829 259835 259840 259844 259847 259849 259850 259851 259850 259849 259847 259844 259840 259835 259829 259823 259815 259807 259798 259789 259780 259772 259764 259757 259748 259741 259734 259730 259729 259728 259729 259729 259729 
259696 259696 259696 259696 259696 259696 259696 259696 259696 259696 259696 259696 259696 259696 259696 259696 259696 259696 259696 259696 259696 259696 259696 259696 259696 259696 259696 259696 259696 259696 259696 259696 259696 259696 259696 259696 259696 259696 259696 259696 259696 259696 259696 259696 259696 259696 259696 259696 259696 259696 259696 
