125.058 124.259 124.189 124.059 123.886 123.664 123.366 122.935 122.324 121.531 119.633 114.29 114.199 123.898 126.904 130.406 133.486 136.332 138.237 138.5 137.147 133.072 123.798 104.648 57.2617 -0 57.2617 104.648 123.798 133.072 137.147 138.5 138.237 136.332 133.486 130.406 126.904 123.898 114.199 114.29 119.633 121.531 122.324 122.935 123.366 123.664 123.886 124.059 124.189 124.259 125.058 
124.259 124.259 124.189 124.059 123.886 123.664 123.366 122.935 122.324 121.531 119.633 114.76 115.076 124.78 127.751 131.218 134.235 136.874 138.696 139.235 138.223 134.566 125.763 105.562 60.2365 11.1883 60.2365 105.562 125.763 134.566 138.223 139.235 138.696 136.874 134.235 131.218 127.751 124.78 115.076 114.76 119.633 121.531 122.324 122.935 123.366 123.664 123.886 124.059 124.189 124.259 124.259 
124.276 124.276 124.209 124.084 123.917 123.701 123.411 122.989 122.39 121.601 119.711 115.411 116.487 125.648 128.644 132.076 135.03 137.558 139.414 140.257 139.63 136.429 128.033 107.667 64.0359 20.2653 64.0359 107.667 128.033 136.429 139.63 140.257 139.414 137.558 135.03 132.076 128.644 125.648 116.487 115.411 119.711 121.601 122.39 122.989 123.411 123.701 123.917 124.084 124.209 124.276 124.276 
124.331 124.331 124.273 124.162 124.011 123.814 123.547 123.154 122.588 121.833 120.087 116.644 118.262 126.498 129.488 132.884 135.783 138.279 140.202 141.231 140.809 137.741 129.17 108.282 66.8103 31.858 66.8103 108.282 129.17 137.741 140.809 141.231 140.202 138.279 135.783 132.884 129.488 126.498 118.262 116.644 120.087 121.833 122.588 123.154 123.547 123.814 124.011 124.162 124.273 124.331 124.331 
124.428 124.428 124.384 124.296 124.171 124.004 123.772 123.423 122.915 122.242 120.748 118.164 120.091 127.22 130.174 133.53 136.372 138.842 140.766 141.796 141.322 138.046 128.998 107.891 69.7597 41.9085 69.7597 107.891 128.998 138.046 141.322 141.796 140.766 138.842 136.372 133.53 130.174 127.22 120.091 118.164 120.748 122.242 122.915 123.423 123.772 124.004 124.171 124.296 124.384 124.428 124.428 
124.557 124.557 124.53 124.468 124.372 124.239 124.047 123.748 123.312 122.747 121.528 119.673 121.69 127.726 130.624 133.906 136.657 139.034 140.829 141.671 140.918 137.212 127.615 106.717 73.0988 52.5012 73.0988 106.717 127.615 137.212 140.918 141.671 140.829 139.034 136.657 133.906 130.624 127.726 121.69 119.673 121.528 122.747 123.312 123.748 124.047 124.239 124.372 124.468 124.53 124.557 124.557 
124.7 124.7 124.687 124.649 124.578 124.472 124.313 124.058 123.688 123.218 122.235 120.953 122.942 128.002 130.824 133.972 136.576 138.774 140.328 140.86 139.714 135.521 125.506 105.457 77.1366 62.0124 77.1366 105.457 125.506 135.521 139.714 140.86 140.328 138.774 136.576 133.972 130.824 128.002 122.942 120.953 122.235 123.218 123.688 124.058 124.313 124.472 124.578 124.649 124.687 124.7 124.7 
124.832 124.832 124.829 124.805 124.749 124.659 124.52 124.294 123.971 123.568 122.777 121.955 123.873 128.103 130.821 133.775 136.182 138.142 139.399 139.583 138.033 133.397 123.183 104.61 81.8143 71.1412 81.8143 104.61 123.183 133.397 138.033 139.583 139.399 138.142 136.182 133.775 130.821 128.103 123.873 121.955 122.777 123.568 123.971 124.294 124.52 124.659 124.749 124.805 124.829 124.832 124.832 
124.934 124.934 124.935 124.914 124.863 124.777 124.645 124.435 124.143 123.791 123.178 122.749 124.581 128.119 130.698 133.412 135.592 137.29 138.239 138.08 136.149 131.142 120.988 104.45 86.8849 79.4316 86.8849 104.45 120.988 131.142 136.149 138.08 138.239 137.29 135.592 133.412 130.698 128.119 124.581 122.749 123.178 123.791 124.143 124.435 124.645 124.777 124.863 124.914 124.935 124.934 124.934 
124.998 124.998 124.996 124.972 124.917 124.829 124.699 124.501 124.24 123.948 123.52 123.431 125.162 128.126 130.529 132.975 134.913 136.336 136.974 136.481 134.192 128.916 119.148 105.072 92.089 86.9899 92.089 105.072 119.148 128.916 134.192 136.481 136.974 136.336 134.913 132.975 130.529 128.126 125.162 123.431 123.52 123.948 124.24 124.501 124.699 124.829 124.917 124.972 124.996 124.998 124.998 
125.026 125.026 125.019 124.989 124.93 124.842 124.717 124.538 124.322 124.109 123.874 124.061 125.669 128.154 130.346 132.504 134.183 135.315 135.634 134.812 132.211 126.832 117.833 106.427 97.1714 93.7217 97.1714 106.427 117.833 126.832 132.211 134.812 135.634 135.315 134.183 132.504 130.346 128.154 125.669 124.061 123.874 124.109 124.322 124.538 124.717 124.842 124.93 124.989 125.019 125.026 125.026 
125.031 125.031 125.02 124.986 124.928 124.846 124.735 124.59 124.433 124.312 124.256 124.647 126.109 128.188 130.137 131.99 133.385 134.206 134.204 133.079 130.262 125.022 117.151 108.355 101.945 99.6404 101.945 108.355 117.151 125.022 130.262 133.079 134.204 134.206 133.385 131.99 130.137 128.188 126.109 124.647 124.256 124.312 124.433 124.59 124.735 124.846 124.928 124.986 125.02 125.031 125.031 
125.027 125.027 125.015 124.983 124.932 124.863 124.777 124.673 124.581 124.552 124.646 125.162 126.46 128.189 129.868 131.401 132.493 132.994 132.691 131.33 128.447 123.616 117.107 110.624 106.28 104.758 106.28 110.624 117.107 123.616 128.447 131.33 132.691 132.994 132.493 131.401 129.868 128.189 126.46 125.162 124.646 124.552 124.581 124.673 124.777 124.863 124.932 124.983 125.015 125.027 125.027 
125.027 125.027 125.017 124.991 124.951 124.901 124.842 124.781 124.75 124.801 125.005 125.578 126.703 128.121 129.514 130.722 131.502 131.7 131.15 129.654 126.885 122.692 117.6 113.005 110.106 109.11 110.106 113.005 117.6 122.692 126.885 129.654 131.15 131.7 131.502 130.722 129.514 128.121 126.703 125.578 125.005 124.801 124.75 124.781 124.842 124.901 124.951 124.991 125.017 125.027 125.027 
125.035 125.035 125.029 125.012 124.984 124.952 124.919 124.897 124.919 125.032 125.306 125.881 126.829 127.966 129.068 129.96 130.443 130.381 129.661 128.154 125.668 122.248 118.466 115.308 113.396 112.75 113.396 115.308 118.466 122.248 125.668 128.154 129.661 130.381 130.443 129.96 129.068 127.966 126.829 125.881 125.306 125.032 124.919 124.897 124.919 124.952 124.984 125.012 125.029 125.035 125.035 
125.052 125.052 125.049 125.039 125.023 125.007 124.997 125.009 125.072 125.228 125.534 126.069 126.844 127.724 128.545 129.144 129.366 129.108 128.313 126.915 124.83 122.205 119.522 117.406 116.156 115.74 116.156 117.406 119.522 122.205 124.83 126.915 128.313 129.108 129.366 129.144 128.545 127.724 126.844 126.069 125.534 125.228 125.072 125.009 124.997 125.007 125.023 125.039 125.049 125.052 125.052 
125.074 125.074 125.073 125.068 125.062 125.06 125.07 125.109 125.201 125.381 125.686 126.152 126.759 127.407 127.971 128.317 128.333 127.956 127.18 125.982 124.349 122.445 120.616 119.226 118.417 118.15 118.417 119.226 120.616 122.445 124.349 125.982 127.18 127.956 128.333 128.317 127.971 127.407 126.759 126.152 125.686 125.381 125.201 125.109 125.07 125.06 125.062 125.068 125.073 125.074 125.074 
125.099 125.099 125.098 125.097 125.099 125.109 125.136 125.194 125.304 125.487 125.765 126.145 126.594 127.038 127.382 127.527 127.403 126.988 126.303 125.354 124.155 122.841 121.636 120.742 120.223 120.053 120.223 120.742 121.636 122.841 124.155 125.354 126.303 126.988 127.403 127.527 127.382 127.038 126.594 126.145 125.765 125.487 125.304 125.194 125.136 125.109 125.099 125.097 125.098 125.099 125.099 
125.127 125.127 125.127 125.129 125.137 125.157 125.195 125.264 125.376 125.545 125.777 126.065 126.372 126.645 126.816 126.822 126.627 126.237 125.686 124.986 124.156 123.29 122.521 121.957 121.629 121.521 121.629 121.957 122.521 123.29 124.156 124.986 125.686 126.237 126.627 126.822 126.816 126.645 126.372 126.065 125.777 125.545 125.376 125.264 125.195 125.157 125.137 125.129 125.127 125.127 125.127 
125.161 125.161 125.161 125.166 125.178 125.203 125.247 125.316 125.419 125.56 125.736 125.933 126.121 126.262 126.312 126.238 126.029 125.705 125.296 124.813 124.268 123.721 123.245 122.897 122.694 122.627 122.694 122.897 123.245 123.721 124.268 124.813 125.296 125.705 126.029 126.238 126.312 126.262 126.121 125.933 125.736 125.56 125.419 125.316 125.247 125.203 125.178 125.166 125.161 125.161 125.161 
125.201 125.201 125.201 125.207 125.222 125.248 125.289 125.35 125.434 125.539 125.659 125.777 125.872 125.921 125.898 125.793 125.607 125.363 125.081 124.767 124.427 124.094 123.808 123.599 123.476 123.436 123.476 123.599 123.808 124.094 124.427 124.767 125.081 125.363 125.607 125.793 125.898 125.921 125.872 125.777 125.659 125.539 125.434 125.35 125.289 125.248 125.222 125.207 125.201 125.201 125.201 
125.237 125.237 125.239 125.247 125.263 125.288 125.323 125.37 125.429 125.496 125.564 125.62 125.65 125.641 125.585 125.48 125.334 125.164 124.983 124.789 124.587 124.392 124.227 124.105 124.033 124.009 124.033 124.105 124.227 124.392 124.587 124.789 124.983 125.164 125.334 125.48 125.585 125.641 125.65 125.62 125.564 125.496 125.429 125.37 125.323 125.288 125.263 125.247 125.239 125.237 125.237 
125.253 125.253 125.258 125.27 125.289 125.312 125.34 125.372 125.407 125.441 125.467 125.479 125.47 125.434 125.37 125.283 125.18 125.071 124.962 124.85 124.736 124.627 124.536 124.468 124.427 124.414 124.427 124.468 124.536 124.627 124.736 124.85 124.962 125.071 125.18 125.283 125.37 125.434 125.47 125.479 125.467 125.441 125.407 125.372 125.34 125.312 125.289 125.27 125.258 125.253 125.253 
125.227 125.227 125.235 125.249 125.27 125.293 125.318 125.342 125.363 125.376 125.378 125.367 125.34 125.298 125.242 125.177 125.108 125.041 124.978 124.915 124.852 124.792 124.742 124.705 124.682 124.675 124.682 124.705 124.742 124.792 124.852 124.915 124.978 125.041 125.108 125.177 125.242 125.298 125.34 125.367 125.378 125.376 125.363 125.342 125.318 125.293 125.27 125.249 125.235 125.227 125.227 
125.159 125.159 125.164 125.177 125.197 125.221 125.246 125.268 125.282 125.284 125.272 125.25 125.219 125.181 125.136 125.089 125.04 124.995 124.955 124.921 124.889 124.86 124.835 124.816 124.805 124.801 124.805 124.816 124.835 124.86 124.889 124.921 124.955 124.995 125.04 125.089 125.136 125.181 125.219 125.25 125.272 125.284 125.282 125.268 125.246 125.221 125.197 125.177 125.164 125.159 125.159 
125.058 125.058 125.058 125.058 125.058 125.058 125.058 125.058 125.058 125.058 125.058 125.058 125.058 125.058 125.058 125.058 125.058 125.058 125.058 125.058 125.058 125.058 125.058 125.058 125.058 125.058 125.058 125.058 125.058 125.058 125.058 125.058 125.058 125.058 125.058 125.058 125.058 125.058 125.058 125.058 125.058 125.058 125.058 125.058 125.058 125.058 125.058 125.058 125.058 125.058 125.058 
