0 5.35054e-16 1.08017e-14 4.75314e-15 6.25455e-15 1.34458e-14 8.74821e-15 1.52274e-14 1.24553e-14 5.20417e-15 -4.27436e-15 -2.20177e-15 14.3392 13.6108 12.0025 10.1152 7.59304 4.20682 -0.283737 -6.05109 -13.3282 -22.5328 -34.357 -49.9012 -60.0386 -2.11519e-14 60.0386 49.9012 34.357 22.5328 13.3282 6.05109 0.283737 -4.20682 -7.59304 -10.1152 -12.0025 -13.6108 -14.3392 -2.20177e-15 -4.27436e-15 5.20417e-15 1.24553e-14 1.52274e-14 8.74821e-15 1.34458e-14 6.25455e-15 4.75314e-15 1.08017e-14 5.35054e-16 0 
0.001417 0.00141701 0.00460985 0.00801851 0.0118061 0.0175657 0.0270515 0.042012 0.0722932 0.14464 0.178504 1.36885 13.474 13.106 11.5924 9.70016 7.14178 3.71638 -0.790302 -6.60277 -14.0008 -23.4458 -35.7481 -51.4443 -60.1142 2.39341e-14 60.1142 51.4443 35.7481 23.4458 14.0008 6.60277 0.790302 -3.71638 -7.14178 -9.70016 -11.5924 -13.106 -13.474 -1.36885 -0.178504 -0.14464 -0.0722932 -0.042012 -0.0270515 -0.0175657 -0.0118061 -0.00801851 -0.00460985 -0.00141701 -0.001417 
0.00287283 0.00287283 0.00947301 0.0164197 0.0240905 0.0358109 0.0551151 0.0856759 0.148678 0.313467 0.49933 1.83627 12.747 12.3832 11.1416 9.29334 6.72806 3.3061 -1.18437 -7.0017 -14.4614 -24.0439 -36.4502 -51.3967 -57.754 1.60802e-13 57.754 51.3967 36.4502 24.0439 14.4614 7.0017 1.18437 -3.3061 -6.72806 -9.29334 -11.1416 -12.3832 -12.747 -1.83627 -0.49933 -0.313467 -0.148678 -0.0856759 -0.0551151 -0.0358109 -0.0240905 -0.0164197 -0.00947301 -0.00287283 -0.00287283 
0.00434918 0.00434918 0.0146616 0.0255287 0.0375143 0.0558608 0.0861789 0.134668 0.235548 0.485365 0.809521 2.55578 11.8799 11.6163 10.6077 8.78641 6.21012 2.77417 -1.74208 -7.60483 -15.1461 -24.8311 -37.1537 -51.1204 -53.8634 8.2778e-14 53.8634 51.1204 37.1537 24.8311 15.1461 7.60483 1.74208 -2.77417 -6.21012 -8.78641 -10.6077 -11.6163 -11.8799 -2.55578 -0.809521 -0.485365 -0.235548 -0.134668 -0.0861789 -0.0558608 -0.0375143 -0.0255287 -0.0146616 -0.00434918 -0.00434918 
0.00547225 0.00547226 0.0192584 0.0339378 0.0501749 0.075124 0.116599 0.183842 0.324997 0.654921 1.09695 3.0827 10.9653 10.8013 9.99278 8.19893 5.61415 2.16025 -2.38155 -8.2628 -15.807 -25.4015 -37.2255 -49.4292 -47.9161 -1.43175e-14 47.9161 49.4292 37.2255 25.4015 15.807 8.2628 2.38155 -2.16025 -5.61415 -8.19893 -9.99278 -10.8013 -10.9653 -3.0827 -1.09695 -0.654921 -0.324997 -0.183842 -0.116599 -0.075124 -0.0501749 -0.0339378 -0.0192584 -0.00547226 -0.00547225 
0.00595725 0.00595725 0.0225888 0.0407448 0.0610301 0.0923548 0.144791 0.230917 0.411084 0.80608 1.35542 3.48728 10.0149 9.95247 9.2929 7.52146 4.93524 1.47262 -3.06555 -8.89898 -16.3196 -25.5898 -36.525 -46.4191 -41.1922 -6.06465e-14 41.1922 46.4191 36.525 25.5898 16.3196 8.89898 3.06555 -1.47262 -4.93524 -7.52146 -9.2929 -9.95247 -10.0149 -3.48728 -1.35542 -0.80608 -0.411084 -0.230917 -0.144791 -0.0923548 -0.0610301 -0.0407448 -0.0225888 -0.00595725 -0.00595725 
0.00564729 0.0056473 0.0242404 0.0454636 0.0696434 0.107148 0.170214 0.274822 0.491146 0.936893 1.58002 3.76348 9.05702 9.08442 8.51551 6.76413 4.19044 0.742282 -3.74449 -9.44931 -16.6167 -25.3565 -35.0889 -42.3297 -34.3423 2.49461e-14 34.3423 42.3297 35.0889 25.3565 16.6167 9.44931 3.74449 -0.742282 -4.19044 -6.76413 -8.51551 -9.08442 -9.05702 -3.76348 -1.58002 -0.936893 -0.491146 -0.274822 -0.170214 -0.107148 -0.0696434 -0.0454636 -0.0242404 -0.0056473 -0.00564729 
0.00465416 0.00465417 0.0244183 0.0485313 0.0767979 0.1207 0.194485 0.317637 0.56751 1.05345 1.77761 3.91745 8.11537 8.20385 7.67405 5.9466 3.40442 0.0012692 -4.3828 -9.88464 -16.6891 -24.7299 -33.0033 -37.4862 -27.9473 8.62277e-14 27.9473 37.4862 33.0033 24.7299 16.6891 9.88464 4.3828 -0.0012692 -3.40442 -5.9466 -7.67405 -8.20385 -8.11537 -3.91745 -1.77761 -1.05345 -0.56751 -0.317637 -0.194485 -0.1207 -0.0767979 -0.0485313 -0.0244183 -0.00465417 -0.00465416 
0.00336479 0.0033648 0.0239643 0.0512442 0.084263 0.135326 0.220565 0.363101 0.64423 1.16075 1.9454 3.95485 7.20078 7.31508 6.7831 5.08619 2.59306 -0.736295 -4.97259 -10.2077 -16.5508 -23.732 -30.3281 -32.1874 -22.2136 1.05192e-13 22.2136 32.1874 30.3281 23.732 16.5508 10.2077 4.97259 0.736295 -2.59306 -5.08619 -6.7831 -7.31508 -7.20078 -3.95485 -1.9454 -1.16075 -0.64423 -0.363101 -0.220565 -0.135326 -0.084263 -0.0512442 -0.0239643 -0.0033648 -0.00336479 
0.00230924 0.00230925 0.0240479 0.0552094 0.0939291 0.153157 0.250732 0.413111 0.721187 1.25578 2.06958 3.8756 6.31525 6.4192 5.8548 4.19429 1.76415 -1.46402 -5.50754 -10.4076 -16.179 -22.3306 -27.1105 -26.7633 -17.2817 6.75212e-14 17.2817 26.7633 27.1105 22.3306 16.179 10.4076 5.50754 1.46402 -1.76415 -4.19429 -5.8548 -6.4192 -6.31525 -3.8756 -2.06958 -1.25578 -0.721187 -0.413111 -0.250732 -0.153157 -0.0939291 -0.0552094 -0.0240479 -0.00230925 -0.00230924 
0.0019245 0.00192452 0.0256158 0.0615109 0.106691 0.174637 0.28451 0.465004 0.791587 1.32729 2.13165 3.68281 5.45707 5.51694 4.90069 3.28155 0.929132 -2.16373 -5.95809 -10.4388 -15.513 -20.4861 -23.4728 -21.5625 -13.1848 3.29872e-14 13.1848 21.5625 23.4728 20.4861 15.513 10.4388 5.95809 2.16373 -0.929132 -3.28155 -4.90069 -5.51694 -5.45707 -3.68281 -2.13165 -1.32729 -0.791587 -0.465004 -0.28451 -0.174637 -0.106691 -0.0615109 -0.0256158 -0.00192452 -0.0019245 
0.00232341 0.00232343 0.0288719 0.0700424 0.121755 0.197865 0.318217 0.511995 0.844829 1.36214 2.11784 3.38793 4.62577 4.61365 3.93771 2.36766 0.115455 -2.79491 -6.26981 -10.2366 -14.4976 -18.2209 -19.6372 -16.878 -9.88832 1.23424e-14 9.88832 16.878 19.6372 18.2209 14.4976 10.2366 6.26981 2.79491 -0.115455 -2.36766 -3.93771 -4.61365 -4.62577 -3.38793 -2.11784 -1.36214 -0.844829 -0.511995 -0.318217 -0.197865 -0.121755 -0.0700424 -0.0288719 -0.00232343 -0.00232341 
0.00321424 0.00321426 0.0331226 0.0794726 0.136915 0.219404 0.3467 0.546553 0.871861 1.35194 2.02506 3.01154 3.82502 3.72269 2.99185 1.48513 -0.633522 -3.30329 -6.38389 -9.75197 -13.1275 -15.6472 -15.8711 -12.8796 -7.30318 6.22545e-14 7.30318 12.8796 15.8711 15.6472 13.1275 9.75197 6.38389 3.30329 0.633522 -1.48513 -2.99185 -3.72269 -3.82502 -3.01154 -2.02506 -1.35194 -0.871861 -0.546553 -0.3467 -0.219404 -0.136915 -0.0794726 -0.0331226 -0.00321426 -0.00321424 
0.0040475 0.00404753 0.0371408 0.087932 0.149677 0.236002 0.365808 0.563652 0.868412 1.29508 1.86056 2.5797 3.06281 2.86492 2.09601 0.674348 -1.26922 -3.63816 -6.25963 -8.97453 -11.4626 -12.9439 -12.4108 -9.61221 -5.31726 3.30387e-14 5.31726 9.61221 12.4108 12.9439 11.4626 8.97453 6.25963 3.63816 1.26922 -0.674348 -2.09601 -2.86492 -3.06281 -2.5797 -1.86056 -1.29508 -0.868412 -0.563652 -0.365808 -0.236002 -0.149677 -0.087932 -0.0371408 -0.00404753 -0.0040475 
0.00432002 0.00432005 0.0398399 0.0939636 0.158392 0.245841 0.37357 0.561453 0.834423 1.19493 1.63825 2.11939 2.35009 2.06518 1.28463 -0.0242489 -1.74873 -3.76481 -5.88594 -7.93999 -9.61827 -10.3083 -9.41155 -7.03178 -3.81764 2.22646e-14 3.81764 7.03178 9.41155 10.3083 9.61827 7.93999 5.88594 3.76481 1.74873 0.0242489 -1.28463 -2.06518 -2.35009 -2.11939 -1.63825 -1.19493 -0.834423 -0.561453 -0.37357 -0.245841 -0.158392 -0.0939636 -0.0398399 -0.00432005 -0.00432002 
0.00383223 0.00383226 0.0407834 0.0970306 0.162534 0.248406 0.369468 0.539872 0.771872 1.05762 1.37539 1.65596 1.69985 1.349 0.589555 -0.575691 -2.04176 -3.67159 -5.28642 -6.72723 -7.74079 -7.9096 -6.93759 -5.04811 -2.70198 7.52432e-15 2.70198 5.04811 6.93759 7.9096 7.74079 6.72723 5.28642 3.67159 2.04176 0.575691 -0.589555 -1.349 -1.69985 -1.65596 -1.37539 -1.05762 -0.771872 -0.539872 -0.369468 -0.248406 -0.162534 -0.0970306 -0.0407834 -0.00383226 -0.00383223 
0.0027112 0.00271124 0.0401629 0.0972428 0.162041 0.243443 0.353173 0.499342 0.68387 0.891607 1.09123 1.2129 1.12688 0.74042 0.037284 -0.955275 -2.13705 -3.37571 -4.52016 -5.44514 -5.97332 -5.85694 -4.97971 -3.55637 -1.88311 2.30056e-14 1.88311 3.55637 4.97971 5.85694 5.97332 5.44514 4.52016 3.37571 2.13705 0.955275 -0.037284 -0.74042 -1.12688 -1.2129 -1.09123 -0.891607 -0.68387 -0.499342 -0.353173 -0.243443 -0.162041 -0.0972428 -0.0401629 -0.00271124 -0.0027112 
0.00120561 0.00120566 0.0383478 0.0947113 0.156604 0.230363 0.32434 0.441166 0.575473 0.708339 0.80645 0.812052 0.646466 0.259019 -0.355451 -1.15533 -2.04908 -2.92531 -3.67286 -4.20794 -4.42424 -4.19289 -3.48329 -2.45609 -1.28994 1.95107e-14 1.28994 2.45609 3.48329 4.19289 4.42424 4.20794 3.67286 2.92531 2.04908 1.15533 0.355451 -0.259019 -0.646466 -0.812052 -0.80645 -0.708339 -0.575473 -0.441166 -0.32434 -0.230363 -0.156604 -0.0947113 -0.0383478 -0.00120566 -0.00120561 
-0.000532671 -0.000532618 0.0355128 0.0892957 0.145759 0.20882 0.283675 0.368744 0.454579 0.521945 0.541462 0.472026 0.270666 -0.0851608 -0.587763 -1.19111 -1.81911 -2.39082 -2.83615 -3.10765 -3.15058 -2.90576 -2.37386 -1.65966 -0.866255 -5.34677e-15 0.866255 1.65966 2.37386 2.90576 3.15058 3.10765 2.83615 2.39082 1.81911 1.19111 0.587763 0.0851608 -0.270666 -0.472026 -0.541462 -0.521945 -0.454579 -0.368744 -0.283675 -0.20882 -0.145759 -0.0892957 -0.0355128 0.000532618 0.000532671 
-0.00250853 -0.00250847 0.0316375 0.0809003 0.129562 0.179609 0.233727 0.28779 0.331161 0.347118 0.313594 0.205629 0.004046 -0.295568 -0.677156 -1.09896 -1.5052 -1.84589 -2.08404 -2.19689 -2.16028 -1.95014 -1.5741 -1.0944 -0.568454 -1.80342e-14 0.568454 1.0944 1.5741 1.95014 2.16028 2.19689 2.08404 1.84589 1.5052 1.09896 0.677156 0.295568 -0.004046 -0.205629 -0.313594 -0.347118 -0.331161 -0.28779 -0.233727 -0.179609 -0.129562 -0.0809003 -0.0316375 0.00250847 0.00250853 
-0.0045874 -0.00458733 0.0269004 0.0701058 0.109475 0.145694 0.179803 0.20679 0.217031 0.198027 0.135873 0.0185667 -0.15845 -0.389595 -0.656659 -0.927656 -1.16725 -1.35012 -1.46069 -1.48964 -1.428 -1.26725 -1.0139 -0.702318 -0.363338 -3.48653e-14 0.363338 0.702318 1.0139 1.26725 1.428 1.48964 1.46069 1.35012 1.16725 0.927656 0.656659 0.389595 0.15845 -0.0185667 -0.135873 -0.198027 -0.217031 -0.20679 -0.179803 -0.145694 -0.109475 -0.0701058 -0.0269004 0.00458733 0.0045874 
-0.00673477 -0.00673468 0.0213841 0.0578709 0.0880005 0.111493 0.128382 0.134014 0.121182 0.0822918 0.0107933 -0.0963678 -0.236076 -0.39916 -0.570132 -0.728294 -0.85482 -0.94021 -0.980135 -0.971238 -0.910889 -0.796812 -0.633056 -0.437288 -0.225389 -3.1375e-15 0.225389 0.437288 0.633056 0.796812 0.910889 0.971238 0.980135 0.94021 0.85482 0.728294 0.570132 0.39916 0.236076 0.0963678 -0.0107933 -0.0822918 -0.121182 -0.134014 -0.128382 -0.111493 -0.0880005 -0.0578709 -0.0213841 0.00673468 0.00673477 
-0.00934307 -0.00934297 0.0138774 0.0429309 0.0645932 0.0776968 0.0817559 0.0733647 0.0483376 0.00355498 -0.0622096 -0.147052 -0.245304 -0.348664 -0.44673 -0.528445 -0.585819 -0.617348 -0.623253 -0.602244 -0.553978 -0.478419 -0.377674 -0.26016 -0.1336 1.04464e-14 0.1336 0.26016 0.377674 0.478419 0.553978 0.602244 0.623253 0.617348 0.585819 0.528445 0.44673 0.348664 0.245304 0.147052 0.0622096 -0.00355498 -0.0483376 -0.0733647 -0.0817559 -0.0776968 -0.0645932 -0.0429309 -0.0138774 0.00934297 0.00934307 
-0.00915456 -0.00915448 0.00730482 0.0290174 0.045816 0.0557826 0.0574908 0.0476974 0.023347 -0.0165674 -0.0702206 -0.132691 -0.197726 -0.259455 -0.312256 -0.351394 -0.374391 -0.38232 -0.376488 -0.356438 -0.322702 -0.275755 -0.216574 -0.148855 -0.0761763 2.10504e-14 0.0761763 0.148855 0.216574 0.275755 0.322702 0.356438 0.376488 0.38232 0.374391 0.351394 0.312256 0.259455 0.197726 0.132691 0.0702206 0.0165674 -0.023347 -0.0476974 -0.0574908 -0.0557826 -0.045816 -0.0290174 -0.00730482 0.00915448 0.00915456 
-0.0230439 -0.0230437 -0.0138489 -0.000765802 0.0088383 0.0119765 0.00645137 -0.00977833 -0.037037 -0.0731015 -0.114021 -0.155685 -0.194313 -0.227002 -0.251697 -0.266712 -0.270983 -0.264253 -0.247435 -0.224051 -0.196457 -0.164396 -0.127748 -0.087336 -0.0443549 2.51059e-14 0.0443549 0.087336 0.127748 0.164396 0.196457 0.224051 0.247435 0.264253 0.270983 0.266712 0.251697 0.227002 0.194313 0.155685 0.114021 0.0731015 0.037037 0.00977833 -0.00645137 -0.0119765 -0.0088383 0.000765802 0.0138489 0.0230437 0.0230439 
0 0 0 0 0 0 0 0 0 0 0 0 0 0 0 0 0 0 0 0 0 0 0 0 0 0 0 0 0 0 0 0 0 0 0 0 0 0 0 0 0 0 0 0 0 0 0 0 0 0 0 
