-195.984 -208.293 -239.401 -275.019 -315.816 -362.508 -415.834 -476.431 -544.968 -622.691 -703.993 -768.528 -839.821 -926.281 -985.43 -1063.84 -1161.99 -1288.69 -1448.26 -1649.03 -1916.47 -2282.17 -2788.74 -3489.62 -3689.6 -1.21183e-12 3689.6 3489.62 2788.74 2282.17 1916.47 1649.03 1448.26 1288.69 1161.99 1063.84 985.43 926.281 839.821 768.528 703.993 622.691 544.968 476.431 415.834 362.508 315.816 275.019 239.401 208.293 195.984 
-195.547 -209.001 -239.802 -275.155 -315.686 -362.081 -415.032 -475.171 -543.13 -620.047 -700.337 -766.083 -839.821 -926.281 -985.43 -1063.84 -1161.99 -1288.69 -1448.26 -1649.03 -1916.47 -2282.17 -2788.74 -3489.62 -3689.6 1.61066e-12 3689.6 3489.62 2788.74 2282.17 1916.47 1649.03 1448.26 1288.69 1161.99 1063.84 985.43 926.281 839.821 766.083 700.337 620.047 543.13 475.171 415.032 362.081 315.686 275.155 239.802 209.001 195.547 
-196.54 -209.846 -240.305 -275.373 -315.611 -361.688 -414.276 -473.935 -541.296 -617.346 -696.397 -765.859 -842.157 -925.658 -984.683 -1062.86 -1160.89 -1288.32 -1448.46 -1647.99 -1913.45 -2274.6 -2766.36 -3432.11 -3546.42 8.70251e-12 3546.42 3432.11 2766.36 2274.6 1913.45 1647.99 1448.46 1288.32 1160.89 1062.86 984.683 925.658 842.157 765.859 696.397 617.346 541.296 473.935 414.276 361.688 315.611 275.373 240.305 209.846 196.54 
-197.735 -210.877 -240.961 -275.731 -315.689 -361.455 -413.674 -472.91 -539.733 -614.977 -693.521 -767.649 -846.098 -923.68 -982.436 -1060.45 -1158.53 -1287.72 -1448.8 -1645.2 -1905.37 -2255.02 -2717.84 -3332.07 -3283.79 4.75633e-12 3283.79 3332.07 2717.84 2255.02 1905.37 1645.2 1448.8 1287.72 1158.53 1060.45 982.436 923.68 846.098 767.649 693.521 614.977 539.733 472.91 413.674 361.455 315.689 275.731 240.961 210.877 197.735 
-199.163 -212.118 -241.796 -276.251 -315.905 -361.349 -413.212 -472.024 -538.329 -612.93 -691.513 -770.191 -848.967 -919.425 -977.665 -1055.42 -1153.55 -1284.52 -1445.22 -1634.77 -1883.59 -2211.18 -2628.34 -3158.82 -2916.68 4.19248e-13 2916.68 3158.82 2628.34 2211.18 1883.59 1634.77 1445.22 1284.52 1153.55 1055.42 977.665 919.425 848.967 770.191 691.513 612.93 538.329 472.024 413.212 361.349 315.905 276.251 241.796 212.118 199.163 
-200.824 -213.575 -242.801 -276.895 -316.2 -361.275 -412.726 -471.045 -536.781 -610.685 -689.241 -771.13 -848.61 -912.103 -969.661 -1046.83 -1144.64 -1276.5 -1434.43 -1612.84 -1843.93 -2140.09 -2499.61 -2924.94 -2515.73 -1.289e-12 2515.73 2924.94 2499.61 2140.09 1843.93 1612.84 1434.43 1276.5 1144.64 1046.83 969.661 912.103 848.61 771.13 689.241 610.685 536.781 471.045 412.726 361.275 316.2 276.895 242.801 213.575 200.824 
-202.719 -215.235 -243.938 -277.6 -316.476 -361.086 -411.991 -469.644 -534.609 -607.514 -685.474 -768.915 -844.082 -901.45 -958.192 -1034.24 -1131.07 -1262.56 -1415.15 -1578.72 -1787.28 -2045.91 -2341.16 -2650.39 -2119.55 2.30381e-12 2119.55 2650.39 2341.16 2045.91 1787.28 1578.72 1415.15 1262.56 1131.07 1034.24 958.192 901.45 844.082 768.915 685.474 607.514 534.609 469.644 411.991 361.086 316.476 277.6 243.938 215.235 202.719 
-204.83 -217.08 -245.171 -278.296 -316.636 -360.63 -410.798 -467.579 -531.446 -602.832 -679.548 -763.125 -835.487 -887.746 -943.461 -1017.83 -1113.04 -1242.89 -1388.04 -1534.25 -1717.14 -1934.62 -2162.17 -2353.71 -1756.47 4.49418e-12 1756.47 2353.71 2162.17 1934.62 1717.14 1534.25 1388.04 1242.89 1113.04 1017.83 943.461 887.746 835.487 763.125 679.548 602.832 531.446 467.579 410.798 360.63 316.636 278.296 245.171 217.08 204.83 
-207.148 -219.094 -246.481 -278.956 -316.607 -359.822 -409.043 -464.654 -527.089 -596.564 -671.456 -754.029 -823.39 -871.449 -925.89 -998.116 -1091.16 -1218.32 -1354.36 -1481.34 -1636.31 -1810.23 -1968.79 -2050.34 -1436.69 4.91223e-12 1436.69 2050.34 1968.79 1810.23 1636.31 1481.34 1354.36 1218.32 1091.16 998.116 925.89 871.449 823.39 754.029 671.456 596.564 527.089 464.654 409.043 359.822 316.607 278.956 246.481 219.094 207.148 
-209.68 -221.283 -247.86 -279.553 -316.374 -358.639 -406.717 -460.928 -521.592 -588.785 -661.492 -742.171 -808.302 -852.903 -905.789 -975.516 -1065.89 -1189.23 -1314.51 -1420.58 -1545.66 -1674.42 -1765.92 -1754.85 -1165.06 3.44844e-12 1165.06 1754.85 1765.92 1674.42 1545.66 1420.58 1314.51 1189.23 1065.89 975.516 905.789 852.903 808.302 742.171 661.492 588.785 521.592 460.928 406.717 358.639 316.374 279.553 247.86 221.283 209.68 
-212.443 -223.666 -249.336 -280.12 -315.966 -357.114 -403.86 -456.432 -515.081 -579.755 -649.842 -727.757 -790.429 -832.088 -883.094 -949.945 -1036.95 -1155.09 -1267.79 -1351.33 -1444.97 -1528.71 -1559.66 -1479.97 -940.071 2.26593e-12 940.071 1479.97 1559.66 1528.71 1444.97 1351.33 1267.79 1155.09 1036.95 949.945 883.094 832.088 790.429 727.757 649.842 579.755 515.081 456.432 403.86 357.114 315.966 280.12 249.336 223.666 212.443 
-215.475 -226.272 -250.932 -280.689 -315.428 -355.291 -400.501 -451.235 -507.601 -569.424 -636.426 -710.698 -769.622 -808.647 -857.386 -920.86 -1003.53 -1114.76 -1213 -1272.84 -1334.69 -1376.13 -1357.31 -1234.18 -756.86 1.57687e-12 756.86 1234.18 1357.31 1376.13 1334.69 1272.84 1213 1114.76 1003.53 920.86 857.386 808.647 769.622 710.698 636.426 569.424 507.601 451.235 400.501 355.291 315.428 280.689 250.932 226.272 215.475 
-218.791 -229.124 -252.688 -281.294 -314.76 -353.167 -396.645 -445.249 -499.017 -557.627 -620.941 -690.736 -745.585 -782.063 -828.052 -887.499 -964.642 -1067.12 -1149.35 -1185.22 -1216.52 -1221.1 -1165.67 -1020.78 -608.791 2.53035e-12 608.791 1020.78 1165.67 1221.1 1216.52 1185.22 1149.35 1067.12 964.642 887.499 828.052 782.063 745.585 690.736 620.941 557.627 499.017 445.249 396.645 353.167 314.76 281.294 252.688 229.124 218.791 
-222.407 -232.231 -254.603 -281.916 -313.944 -350.684 -392.16 -438.337 -489.108 -544.028 -603.049 -667.617 -718.036 -751.854 -794.528 -849.178 -919.542 -1011.59 -1076.83 -1089.65 -1093.51 -1068.62 -989.721 -839.04 -489.229 1.71438e-12 489.229 839.04 989.721 1068.62 1093.51 1089.65 1076.83 1011.59 919.542 849.178 794.528 751.854 718.036 667.617 603.049 544.028 489.108 438.337 392.16 350.684 313.944 281.916 254.603 232.231 222.407 
-226.296 -235.566 -256.642 -282.514 -312.908 -347.73 -386.893 -430.274 -477.634 -528.374 -582.5 -641.191 -686.797 -717.674 -756.424 -805.484 -867.913 -948.206 -996.344 -988.317 -969.337 -923.169 -832.109 -685.978 -392.446 1.3435e-12 392.446 685.978 832.109 923.169 969.337 988.317 996.344 948.206 867.913 805.484 756.424 717.674 686.797 641.191 582.5 528.374 477.634 430.274 386.893 347.73 312.908 282.514 256.642 235.566 226.296 
-230.396 -239.061 -258.738 -282.998 -311.533 -344.16 -380.685 -420.884 -464.378 -510.472 -559.149 -611.391 -651.818 -679.361 -713.58 -756.312 -809.918 -877.711 -909.561 -884.054 -847.723 -788.156 -693.518 -557.902 -313.879 8.95576e-13 313.879 557.902 693.518 788.156 847.723 884.054 909.561 877.711 809.918 756.312 713.58 679.361 651.818 611.391 559.149 510.472 464.378 420.884 380.685 344.16 311.533 282.998 258.738 239.061 230.396 
-234.596 -242.607 -260.776 -283.249 -309.682 -339.82 -373.378 -410.004 -449.195 -490.199 -532.944 -578.295 -613.185 -636.953 -666.1 -701.954 -746.256 -801.509 -818.814 -779.949 -731.93 -665.67 -573.361 -451.213 -250.01 1.00852e-12 250.01 451.213 573.361 665.67 731.93 779.949 818.814 801.509 746.256 701.954 666.1 636.953 613.185 578.295 532.944 490.199 449.195 410.004 373.378 339.82 309.682 283.249 260.776 242.607 234.596 
-238.744 -246.053 -262.601 -283.107 -307.204 -334.557 -364.808 -397.485 -431.99 -467.51 -503.951 -542.112 -571.147 -590.735 -614.421 -643.147 -678.204 -721.612 -726.786 -678.925 -624.388 -556.609 -470.303 -362.709 -198.109 6.99344e-13 198.109 362.709 470.303 556.609 624.388 678.925 726.786 721.612 678.204 643.147 614.421 590.735 571.147 542.112 503.951 467.51 431.99 397.485 364.808 334.557 307.204 283.107 262.601 246.053 238.744 
-242.643 -249.192 -264.008 -282.377 -303.913 -328.207 -354.822 -383.216 -412.72 -442.459 -472.34 -503.156 -526.16 -541.283 -559.379 -581.113 -607.509 -640.338 -636.128 -583.38 -526.591 -460.944 -382.7 -289.587 -156.024 3.99123e-13 156.024 289.587 382.7 460.944 526.591 583.38 636.128 640.338 607.509 581.113 559.379 541.283 526.16 503.156 472.34 442.459 412.72 383.216 354.822 328.207 303.913 282.377 264.008 249.192 242.643 
-246.028 -251.759 -264.744 -280.819 -299.576 -320.564 -343.287 -367.142 -391.413 -415.196 -438.442 -461.954 -478.925 -489.526 -502.187 -517.432 -536.155 -560.003 -549.122 -494.963 -439.144 -378.022 -308.782 -229.448 -122.005 1.81837e-13 122.005 229.448 308.782 378.022 439.144 494.963 549.122 560.003 536.155 517.432 502.187 489.526 478.925 461.954 438.442 415.196 391.413 367.142 343.287 320.564 299.576 280.819 264.744 251.759 246.028 
-248.57 -253.436 -264.495 -278.131 -293.941 -311.452 -330.093 -349.238 -368.171 -386.012 -402.756 -419.225 -430.397 -436.644 -444.296 -453.811 -466.072 -482.616 -467.447 -414.566 -361.96 -306.759 -246.74 -180.144 -94.5633 4.18111e-14 94.5633 180.144 246.74 306.759 361.96 414.566 467.447 482.616 466.072 453.811 444.296 436.644 430.397 419.225 402.756 386.012 368.171 349.238 330.093 311.452 293.941 278.131 264.495 253.436 248.57 
-249.887 -253.84 -262.883 -273.986 -286.736 -300.644 -315.141 -329.571 -343.244 -355.34 -365.919 -375.86 -381.702 -383.964 -387.22 -391.935 -398.937 -409.635 -392.074 -342.348 -294.347 -245.741 -194.716 -139.702 -72.4104 1.7579e-13 72.4104 139.702 194.716 245.741 294.347 342.348 392.074 409.635 398.937 391.935 387.22 383.964 381.702 375.86 365.919 355.34 343.244 329.571 315.141 300.644 286.736 273.986 262.883 253.84 249.887 
-249.552 -252.564 -259.521 -268.013 -277.655 -287.961 -298.367 -308.257 -316.957 -323.733 -328.751 -332.907 -334.082 -332.902 -332.472 -333.228 -335.948 -341.891 -323.169 -277.672 -234.961 -193.132 -150.669 -106.176 -54.3279 1.3801e-13 54.3279 106.176 150.669 193.132 234.961 277.672 323.169 341.891 335.948 333.228 332.472 332.902 334.082 332.907 328.751 323.733 316.957 308.257 298.367 287.961 277.655 268.013 259.521 252.564 249.552 
-247.185 -249.23 -254.029 -259.865 -266.394 -273.183 -279.726 -285.449 -289.739 -291.942 -292.28 -291.635 -288.997 -285.005 -281.54 -278.959 -277.862 -279.266 -259.492 -218.294 -180.957 -145.897 -111.747 -77.1916 -38.94 3.85752e-14 38.94 77.1916 111.747 145.897 180.957 218.294 259.492 279.266 277.862 278.959 281.54 285.005 288.997 291.635 292.28 291.942 289.739 285.449 279.726 273.183 266.394 259.865 254.029 249.23 247.185 
-242.565 -243.628 -246.161 -249.242 -252.643 -256.061 -259.107 -261.319 -262.194 -261.16 -258.29 -254.083 -248.6 -242.531 -236.709 -231.09 -225.483 -219.396 -192.327 -154.477 -123.679 -97.0538 -72.6752 -49.0899 -24.3554 -1.56333e-14 24.3554 49.0899 72.6752 97.0538 123.679 154.477 192.327 219.396 225.483 231.09 236.709 242.531 248.6 254.083 258.29 261.16 262.194 261.319 259.107 256.061 252.643 249.242 246.161 243.628 242.565 
-235.873 -235.873 -235.873 -235.873 -235.873 -235.87 -235.87 -235.874 -235.873 -235.352 -230.92 -222.189 -212.635 -202.748 -192.004 -179.73 -165.084 -147.036 -124.448 -103.839 -84.9461 -67.3331 -50.4853 -33.8383 -16.6888 -6.32372e-14 16.6888 33.8383 50.4853 67.3331 84.9461 103.839 124.448 147.036 165.084 179.73 192.004 202.748 212.635 222.189 230.92 235.352 235.873 235.874 235.87 235.87 235.873 235.873 235.873 235.873 235.873 
