-0 -2.23156e-14 -4.60251e-13 -2.07184e-13 -2.7946e-13 -6.17129e-13 -4.13188e-13 -7.40849e-13 -6.24053e-13 -2.67923e-13 -0.000106978 357.175 0 0 -1.13687e-13 -1.13687e-13 0 0 -7.10543e-15 2.27374e-13 -2.27374e-13 4.54747e-13 0 1.81899e-12 0 0 0 1.81899e-12 9.09495e-13 -9.09495e-13 -2.27374e-13 2.27374e-13 0 0 1.13687e-13 0 0 0 1.13687e-13 357.175 -0.000106978 2.67923e-13 6.24053e-13 7.40849e-13 4.13188e-13 6.17129e-13 2.7946e-13 2.07184e-13 4.60251e-13 2.23156e-14 0 
-3.95926 -4.24523 -5.10339 -6.40343 -8.07607 -10.118 -12.4999 -15.079 -17.7413 -19.8014 -2.99524 241.766 -34.448 -42.0172 -52.7459 -66.8395 -86.4683 -114.9 -157.906 -220.535 -318.505 -488.753 -809.057 -1285.23 -2995.52 -6215.59 -2995.52 -1285.23 -809.057 -488.753 -318.505 -220.535 -157.906 -114.9 -86.4683 -66.8395 -52.7459 -42.0172 -34.448 241.766 -2.99524 -19.8014 -17.7413 -15.079 -12.4999 -10.118 -8.07607 -6.40343 -5.10339 -4.24523 -3.95926 
-7.39365 -7.92489 -9.51205 -11.9176 -15.0162 -18.802 -23.2147 -27.987 -32.9216 -37.3493 -16.3105 164.22 -69.4254 -72.0344 -101.182 -131.098 -170.937 -228.685 -314.799 -442.219 -644.647 -1000.81 -1696.26 -2926.15 -5858.38 -8992.09 -5858.38 -2926.15 -1696.26 -1000.81 -644.647 -442.219 -314.799 -228.685 -170.937 -131.098 -101.182 -72.0344 -69.4254 164.22 -16.3105 -37.3493 -32.9216 -27.987 -23.2147 -18.802 -15.0162 -11.9176 -9.51205 -7.92489 -7.39365 
-10.374 -11.1145 -13.3188 -16.6692 -20.9956 -26.2881 -32.464 -39.1739 -46.1832 -52.2943 -31.0655 87.3141 -93.6163 -101.341 -144.086 -186.823 -244.015 -325.92 -446.32 -625.859 -913.932 -1421.41 -2397.61 -4081.61 -7588.77 -11186.1 -7588.77 -4081.61 -2397.61 -1421.41 -913.932 -625.859 -446.32 -325.92 -244.015 -186.823 -144.086 -101.341 -93.6163 87.3141 -31.0655 -52.2943 -46.1832 -39.1739 -32.464 -26.2881 -20.9956 -16.6692 -13.3188 -11.1145 -10.374 
-12.9517 -13.8687 -16.5783 -20.7201 -26.0842 -32.6544 -40.3328 -48.7142 -57.5559 -65.1508 -46.542 26.9262 -114.583 -129.647 -182.682 -236.699 -309.196 -411.94 -561.87 -786.674 -1149.4 -1786.36 -2983.04 -4999.43 -8648.4 -11651.2 -8648.4 -4999.43 -2983.04 -1786.36 -1149.4 -786.674 -561.87 -411.94 -309.196 -236.699 -182.682 -129.647 -114.583 26.9262 -46.542 -65.1508 -57.5559 -48.7142 -40.3328 -32.6544 -26.0842 -20.7201 -16.5783 -13.8687 -12.9517 
-15.1736 -16.2408 -19.3495 -24.1402 -30.3786 -38.022 -46.9689 -56.7952 -67.2066 -76.057 -62.35 -22.8073 -133.763 -156.988 -217.201 -280.918 -366.875 -487.622 -663.006 -926.568 -1352.18 -2091.59 -3434.09 -5602.45 -8995.88 -11497 -8995.88 -5602.45 -3434.09 -2091.59 -1352.18 -926.568 -663.006 -487.622 -366.875 -280.918 -217.201 -156.988 -133.763 -22.8073 -62.35 -76.057 -67.2066 -56.7952 -46.9689 -38.022 -30.3786 -24.1402 -19.3495 -16.2408 -15.1736 
-17.0857 -18.2685 -21.6865 -27.0105 -33.9607 -42.5067 -52.5267 -63.575 -75.3588 -85.518 -78.0963 -63.6591 -151.874 -182.984 -247.971 -319.995 -417.699 -553.872 -750.691 -1046.13 -1520.55 -2329.45 -3737.14 -5891.7 -8806.48 -10662.8 -8806.48 -5891.7 -3737.14 -2329.45 -1520.55 -1046.13 -750.691 -553.872 -417.699 -319.995 -247.971 -182.984 -151.874 -63.6591 -78.0963 -85.518 -75.3588 -63.575 -52.5267 -42.5067 -33.9607 -27.0105 -21.6865 -18.2685 -17.0857 
-18.7181 -20 -23.6462 -29.3901 -36.9329 -46.2263 -57.1476 -69.2732 -82.3277 -94.0477 -93.5588 -97.0073 -168.947 -206.955 -275.162 -354.431 -462.233 -611.194 -825.127 -1144.28 -1651.18 -2493.07 -3886.67 -5883.67 -8226.12 -9556.64 -8226.12 -5883.67 -3886.67 -2493.07 -1651.18 -1144.28 -825.127 -611.194 -462.233 -354.431 -275.162 -206.955 -168.947 -97.0073 -93.5588 -94.0477 -82.3277 -69.2732 -57.1476 -46.2263 -36.9329 -29.3901 -23.6462 -20 -18.7181 
-20.1071 -21.4643 -25.2798 -31.3531 -39.3773 -49.2916 -60.9721 -74.0615 -88.3315 -101.887 -108.265 -123.953 -184.659 -228.449 -298.988 -384.358 -500.328 -659.208 -885.188 -1218.81 -1740.03 -2576.61 -3884.84 -5621.87 -7401.26 -8302.38 -7401.26 -5621.87 -3884.84 -2576.61 -1740.03 -1218.81 -885.188 -659.208 -500.328 -384.358 -298.988 -228.449 -184.659 -123.953 -108.265 -101.887 -88.3315 -74.0615 -60.9721 -49.2916 -39.3773 -31.3531 -25.2798 -21.4643 -20.1071 
-21.2808 -22.6915 -26.6272 -32.9499 -41.3542 -51.7703 -64.0948 -78.0495 -93.4878 -109.035 -121.586 -145.304 -198.753 -247.135 -319.392 -409.602 -531.597 -697.025 -929.277 -1267.26 -1783.23 -2578.17 -3744.25 -5167.08 -6455.29 -7045.23 -6455.29 -5167.08 -3744.25 -2578.17 -1783.23 -1267.26 -929.277 -697.025 -531.597 -409.602 -319.392 -247.135 -198.753 -145.304 -121.586 -109.035 -93.4878 -78.0495 -64.0948 -51.7703 -41.3542 -32.9499 -26.6272 -22.6915 -21.2808 
-22.247 -23.6938 -27.7133 -34.2137 -42.8959 -53.6974 -66.5453 -81.2539 -97.7852 -115.316 -133.02 -161.815 -210.922 -262.722 -336.15 -429.728 -555.29 -723.429 -955.67 -1287.11 -1778.48 -2499.96 -3486.64 -4588.18 -5483.29 -5858.19 -5483.29 -4588.18 -3486.64 -2499.96 -1778.48 -1287.11 -955.67 -723.429 -555.29 -429.728 -336.15 -262.722 -210.922 -161.815 -133.02 -115.316 -97.7852 -81.2539 -66.5453 -53.6974 -42.8959 -34.2137 -27.7133 -23.6938 -22.247 
-23.0211 -24.4829 -28.5442 -35.1455 -44.0067 -55.0767 -68.3217 -83.6512 -101.144 -120.491 -142.225 -174.135 -220.855 -274.915 -348.835 -444.078 -570.418 -737.038 -962.538 -1276.31 -1725.13 -2349.43 -3141.93 -3951.84 -4553.27 -4787.2 -4553.27 -3951.84 -3141.93 -2349.43 -1725.13 -1276.31 -962.538 -737.038 -570.418 -444.078 -348.835 -274.915 -220.855 -174.135 -142.225 -120.491 -101.144 -83.6512 -68.3217 -55.0767 -44.0067 -35.1455 -28.5442 -24.4829 -23.0211 
-23.5968 -25.0528 -29.1142 -35.7437 -44.6792 -55.8923 -69.3928 -85.1891 -103.471 -124.351 -149.013 -182.709 -228.134 -283.324 -356.885 -451.776 -575.814 -736.374 -948.121 -1233.85 -1625.91 -2140.05 -2745 -3314.05 -3707.52 -3852 -3707.52 -3314.05 -2745 -2140.05 -1625.91 -1233.85 -948.121 -736.374 -575.814 -451.776 -356.885 -283.324 -228.134 -182.709 -149.013 -124.351 -103.471 -85.1891 -69.3928 -55.8923 -44.6792 -35.7437 -29.1142 -25.0528 -23.5968 
-23.961 -25.3952 -29.4118 -35.9863 -44.8911 -56.1226 -69.7327 -85.8221 -104.672 -126.692 -153.248 -187.791 -232.303 -287.466 -359.5 -451.815 -570.283 -720.02 -911.57 -1160.9 -1487.48 -1890.28 -2330.54 -2715.38 -2967.66 -3056.52 -2967.66 -2715.38 -2330.54 -1890.28 -1487.48 -1160.9 -911.57 -720.02 -570.283 -451.815 -359.5 -287.466 -232.303 -187.791 -153.248 -126.692 -104.672 -85.8221 -69.7327 -56.1226 -44.8911 -35.9863 -29.4118 -25.3952 -23.961 
-24.0992 -25.4909 -29.4119 -35.8565 -44.6291 -55.7465 -69.3071 -85.4836 -104.631 -127.311 -154.818 -189.415 -232.826 -286.76 -355.874 -443.231 -552.793 -687.35 -853.586 -1061.35 -1320.41 -1621.05 -1927.96 -2180.37 -2339.78 -2394.3 -2339.78 -2180.37 -1927.96 -1621.05 -1320.41 -1061.35 -853.586 -687.35 -552.793 -443.231 -355.874 -286.76 -232.826 -189.415 -154.818 -127.311 -104.631 -85.4836 -69.3071 -55.7465 -44.6291 -35.8565 -29.4119 -25.4909 -24.0992 
-23.9812 -25.3133 -29.094 -35.3306 -43.8608 -54.7303 -68.0702 -84.0996 -103.204 -125.996 -153.58 -187.47 -229.221 -280.675 -345.295 -425.351 -523.017 -639.021 -776.946 -941.959 -1137.73 -1352.14 -1558.37 -1720.09 -1819.72 -1853.17 -1819.72 -1720.09 -1558.37 -1352.14 -1137.73 -941.959 -776.946 -639.021 -523.017 -425.351 -345.295 -280.675 -229.221 -187.47 -153.58 -125.996 -103.204 -84.0996 -68.0702 -54.7303 -43.8608 -35.3306 -29.094 -25.3133 -23.9812 
-23.5734 -24.8271 -28.4215 -34.3696 -42.5554 -53.0353 -65.9563 -81.5629 -100.238 -122.568 -149.415 -181.822 -221.127 -268.844 -327.407 -398.127 -481.69 -577.311 -686.492 -811.373 -952.59 -1099.43 -1233.9 -1335.69 -1397.49 -1418 -1397.49 -1335.69 -1233.9 -1099.43 -952.59 -811.373 -686.492 -577.311 -481.69 -398.127 -327.407 -268.844 -221.127 -181.822 -149.415 -122.568 -100.238 -81.5629 -65.9563 -53.0353 -42.5554 -34.3696 -28.4215 -24.8271 -23.5734 
-22.8125 -23.9828 -27.3577 -32.9418 -40.6591 -50.5828 -62.8823 -77.7756 -95.6133 -116.882 -142.256 -172.427 -208.4 -251.225 -302.425 -362.405 -430.797 -505.976 -588.407 -678.605 -776.235 -873.348 -958.911 -1022.15 -1060.29 -1072.84 -1060.29 -1022.15 -958.911 -873.348 -776.235 -678.605 -588.407 -505.976 -430.797 -362.405 -302.425 -251.225 -208.4 -172.427 -142.256 -116.882 -95.6133 -77.7756 -62.8823 -50.5828 -40.6591 -32.9418 -27.3577 -23.9828 -22.8125 
-21.6751 -22.7272 -25.8303 -30.9775 -38.1186 -47.3385 -58.7692 -72.6355 -89.2347 -108.926 -132.159 -159.355 -191.225 -228.282 -271.27 -319.946 -373.372 -429.726 -489.18 -551.563 -616.558 -678.916 -732.323 -771.225 -794.658 -802.32 -794.658 -771.225 -732.323 -678.916 -616.558 -551.563 -489.18 -429.726 -373.372 -319.946 -271.27 -228.282 -191.225 -159.355 -132.159 -108.926 -89.2347 -72.6355 -58.7692 -47.3385 -38.1186 -30.9775 -25.8303 -22.7272 -21.6751 
-20.067 -20.9924 -23.7903 -28.4272 -34.8734 -43.2026 -53.5682 -66.1301 -81.1006 -98.7401 -119.294 -142.98 -170.165 -200.935 -235.492 -273.221 -313.048 -353.382 -394.479 -435.968 -477.84 -516.911 -549.722 -573.441 -587.762 -592.431 -587.762 -573.441 -549.722 -516.911 -477.84 -435.968 -394.479 -353.382 -313.048 -273.221 -235.492 -200.935 -170.165 -142.98 -119.294 -98.7401 -81.1006 -66.1301 -53.5682 -43.2026 -34.8734 -28.4272 -23.7903 -20.9924 -20.067 
-17.9252 -18.7199 -21.1744 -25.2249 -30.8613 -38.1666 -47.2614 -58.2541 -71.2884 -86.5129 -104.024 -123.851 -146.101 -170.566 -197.116 -225.058 -253.414 -281.04 -308.383 -335.032 -361.252 -385.219 -405.086 -419.416 -428.106 -430.944 -428.106 -419.416 -405.086 -385.219 -361.252 -335.032 -308.383 -281.04 -253.414 -225.058 -197.116 -170.566 -146.101 -123.851 -104.024 -86.5129 -71.2884 -58.2541 -47.2614 -38.1666 -30.8613 -25.2249 -21.1744 -18.7199 -17.9252 
-15.2242 -15.8703 -17.9415 -21.3337 -26.0633 -32.2079 -39.8459 -49.0674 -59.9452 -72.5355 -86.8295 -102.725 -120.146 -138.755 -158.254 -178.027 -197.368 -215.561 -233.149 -249.752 -265.77 -280.187 -292.044 -300.608 -305.835 -307.541 -305.835 -300.608 -292.044 -280.187 -265.77 -249.752 -233.149 -215.561 -197.368 -178.027 -158.254 -138.755 -120.146 -102.725 -86.8295 -72.5355 -59.9452 -49.0674 -39.8459 -32.2079 -26.0633 -21.3337 -17.9415 -15.8703 -15.2242 
-11.951 -12.4461 -14.0796 -16.7468 -20.475 -25.3307 -31.379 -38.6743 -47.2569 -57.1298 -68.2239 -80.3882 -93.4467 -107.003 -120.733 -134.184 -146.897 -158.476 -169.485 -179.57 -189.144 -197.661 -204.632 -209.684 -212.783 -213.795 -212.783 -209.684 -204.632 -197.661 -189.144 -179.57 -169.485 -158.476 -146.897 -134.184 -120.733 -107.003 -93.4467 -80.3882 -68.2239 -57.1298 -47.2569 -38.6743 -31.379 -25.3307 -20.475 -16.7468 -14.0796 -12.4461 -11.951 
-8.18509 -8.52225 -9.66486 -11.5327 -14.1663 -17.6182 -21.9456 -27.1937 -33.3841 -40.5273 -48.5889 -57.472 -66.9093 -76.4848 -85.8861 -94.7894 -102.937 -110.144 -116.91 -122.924 -128.548 -133.499 -137.534 -140.469 -142.269 -142.861 -142.269 -140.469 -137.534 -133.499 -128.548 -122.924 -116.91 -110.144 -102.937 -94.7894 -85.8861 -76.4848 -66.9093 -57.472 -48.5889 -40.5273 -33.3841 -27.1937 -21.9456 -17.6182 -14.1663 -11.5327 -9.66486 -8.52225 -8.18509 
-4.06684 -4.23986 -4.8399 -5.83038 -7.24444 -9.12356 -11.515 -14.4696 -18.0252 -22.2644 -27.5166 -34.0237 -41.0642 -48.013 -54.556 -60.5001 -65.7301 -70.1886 -74.2832 -77.8712 -81.1903 -84.0669 -86.3826 -88.0619 -89.0845 -89.4241 -89.0845 -88.0619 -86.3826 -84.0669 -81.1903 -77.8712 -74.2832 -70.1886 -65.7301 -60.5001 -54.556 -48.013 -41.0642 -34.0237 -27.5166 -22.2644 -18.0252 -14.4696 -11.515 -9.12356 -7.24444 -5.83038 -4.8399 -4.23986 -4.06684 
-0 -0 -0 -0 -0 -0 -0 -0 -0 -0.66091 -6.30048 -15.825 -24.6363 -32.2856 -39.0228 -45.0013 -50.3183 -55.0312 -59.158 -62.64 -65.5414 -67.8952 -69.7179 -71.0163 -71.7947 -72.054 -71.7947 -71.0163 -69.7179 -67.8952 -65.5414 -62.64 -59.158 -55.0312 -50.3183 -45.0013 -39.0228 -32.2856 -24.6363 -15.825 -6.30048 -0.66091 0 0 0 0 0 0 0 0 0 
