4.135192 3.614289 3.161330 2.767453 2.424951 2.127124 1.868143 1.642943 1.447116 1.276832 1.128759 1.000000 0.888036 0.777479 0.669721 0.566116 0.467968 0.376510 0.292893 0.218169 0.153276 0.099031 0.056117 0.025072 0.006288 0.000000 0.006288 0.025072 0.056117 0.099031 0.153276 0.218169 0.292893 0.376510 0.467968 0.566116 0.669721 0.777479 0.888036 1.000000 1.128759 1.276832 1.447116 1.642943 1.868143 2.127124 2.424951 2.767453 3.161330 3.614289 4.135192 
4.135192 3.617813 3.165660 2.770226 2.424111 2.120884 1.854950 1.621446 1.416140 1.235355 1.075885 0.935052 0.810600 0.687932 0.568555 0.453933 0.345475 0.244512 0.152285 0.069926 -0.001553 -0.061274 -0.108501 -0.142656 -0.163319 -0.170234 -0.163319 -0.142656 -0.108501 -0.061274 -0.001553 0.069926 0.152285 0.244512 0.345475 0.453933 0.568555 0.687932 0.810600 0.935052 1.075885 1.235355 1.416140 1.621446 1.854950 2.120884 2.424111 2.770226 3.165660 3.617813 4.135192 
4.135192 3.621336 3.169990 2.772998 2.423271 2.114645 1.841758 1.599948 1.385163 1.193877 1.023011 0.870104 0.733164 0.598385 0.467389 0.341750 0.222982 0.112514 0.011676 -0.078317 -0.156382 -0.221578 -0.273119 -0.310385 -0.332925 -0.340469 -0.332925 -0.310385 -0.273119 -0.221578 -0.156382 -0.078317 0.011676 0.112514 0.222982 0.341750 0.467389 0.598385 0.733164 0.870104 1.023011 1.193877 1.385163 1.599948 1.841758 2.114645 2.423271 2.772998 3.169990 3.621336 4.135192 
4.135192 3.624860 3.174319 2.775770 2.422431 2.108405 1.828565 1.578451 1.354186 1.152399 0.970137 0.805156 0.655728 0.508838 0.366222 0.229567 0.100489 -0.019484 -0.128932 -0.226560 -0.311211 -0.381883 -0.437737 -0.478113 -0.502531 -0.510703 -0.502531 -0.478113 -0.437737 -0.381883 -0.311211 -0.226560 -0.128932 -0.019484 0.100489 0.229567 0.366222 0.508838 0.655728 0.805156 0.970137 1.152399 1.354186 1.578451 1.828565 2.108405 2.422431 2.775770 3.174319 3.624860 4.135192 
4.135192 3.628384 3.178649 2.778542 2.421591 2.102166 1.815372 1.556954 1.323210 1.110922 0.917263 0.740208 0.578292 0.419291 0.265056 0.117384 -0.022003 -0.151482 -0.269541 -0.374803 -0.466041 -0.542188 -0.602355 -0.645841 -0.672138 -0.680937 -0.672138 -0.645841 -0.602355 -0.542188 -0.466041 -0.374803 -0.269541 -0.151482 -0.022003 0.117384 0.265056 0.419291 0.578292 0.740208 0.917263 1.110922 1.323210 1.556954 1.815372 2.102166 2.421591 2.778542 3.178649 3.628384 4.135192 
4.135192 3.631907 3.182978 2.781314 2.420751 2.095926 1.802179 1.535457 1.292233 1.069444 0.864389 0.675260 0.500856 0.329744 0.163890 0.005201 -0.144496 -0.283480 -0.410150 -0.523046 -0.620870 -0.702492 -0.766973 -0.813570 -0.841744 -0.851172 -0.841744 -0.813570 -0.766973 -0.702492 -0.620870 -0.523046 -0.410150 -0.283480 -0.144496 0.005201 0.163890 0.329744 0.500856 0.675260 0.864389 1.069444 1.292233 1.535457 1.802179 2.095926 2.420751 2.781314 3.182978 3.631907 4.135192 
4.135192 3.635431 3.187308 2.784086 2.419910 2.089687 1.788987 1.513960 1.261257 1.027966 0.811515 0.610312 0.423420 0.240197 0.062724 -0.106982 -0.266989 -0.415478 -0.550758 -0.671289 -0.775699 -0.862797 -0.931591 -0.981298 -1.011350 -1.021406 -1.011350 -0.981298 -0.931591 -0.862797 -0.775699 -0.671289 -0.550758 -0.415478 -0.266989 -0.106982 0.062724 0.240197 0.423420 0.610312 0.811515 1.027966 1.261257 1.513960 1.788987 2.089687 2.419910 2.784086 3.187308 3.635431 4.135192 
4.135192 3.638955 3.191637 2.786859 2.419070 2.083447 1.775794 1.492463 1.230280 0.986489 0.758641 0.545364 0.345984 0.150650 -0.038442 -0.219165 -0.389482 -0.547476 -0.691367 -0.819532 -0.930528 -1.023102 -1.096209 -1.149026 -1.180957 -1.191640 -1.180957 -1.149026 -1.096209 -1.023102 -0.930528 -0.819532 -0.691367 -0.547476 -0.389482 -0.219165 -0.038442 0.150650 0.345984 0.545364 0.758641 0.986489 1.230280 1.492463 1.775794 2.083447 2.419070 2.786859 3.191637 3.638955 4.135192 
4.135192 3.642478 3.195967 2.789631 2.418230 2.077208 1.762601 1.470965 1.199304 0.945011 0.705767 0.480416 0.268549 0.061103 -0.139609 -0.331347 -0.511975 -0.679474 -0.831975 -0.967775 -1.085357 -1.183406 -1.260827 -1.316755 -1.350563 -1.361875 -1.350563 -1.316755 -1.260827 -1.183406 -1.085357 -0.967775 -0.831975 -0.679474 -0.511975 -0.331347 -0.139609 0.061103 0.268549 0.480416 0.705767 0.945011 1.199304 1.470965 1.762601 2.077208 2.418230 2.789631 3.195967 3.642478 4.135192 
4.135192 3.646002 3.200296 2.792403 2.417390 2.070968 1.749409 1.449468 1.168327 0.903533 0.652893 0.415469 0.191113 -0.028444 -0.240775 -0.443530 -0.634467 -0.811472 -0.972584 -1.116018 -1.240186 -1.343711 -1.425445 -1.484483 -1.520169 -1.532109 -1.520169 -1.484483 -1.425445 -1.343711 -1.240186 -1.116018 -0.972584 -0.811472 -0.634467 -0.443530 -0.240775 -0.028444 0.191113 0.415469 0.652893 0.903533 1.168327 1.449468 1.749409 2.070968 2.417390 2.792403 3.200296 3.646002 4.135192 
4.135192 3.649526 3.204626 2.795175 2.416550 2.064729 1.736216 1.427971 1.137351 0.862056 0.600019 0.350521 0.113677 -0.117991 -0.341941 -0.555713 -0.756960 -0.943470 -1.113192 -1.264261 -1.395015 -1.504016 -1.590063 -1.652211 -1.689776 -1.702343 -1.689776 -1.652211 -1.590063 -1.504016 -1.395015 -1.264261 -1.113192 -0.943470 -0.756960 -0.555713 -0.341941 -0.117991 0.113677 0.350521 0.600019 0.862056 1.137351 1.427971 1.736216 2.064729 2.416550 2.795175 3.204626 3.649526 4.135192 
4.135192 3.653049 3.208956 2.797947 2.415709 2.058489 1.723023 1.406474 1.106374 0.820578 0.547145 0.285573 0.036241 -0.207538 -0.443107 -0.667896 -0.879453 -1.075468 -1.253801 -1.412504 -1.549844 -1.664320 -1.754681 -1.819940 -1.859382 -1.872578 -1.859382 -1.819940 -1.754681 -1.664320 -1.549844 -1.412504 -1.253801 -1.075468 -0.879453 -0.667896 -0.443107 -0.207538 0.036241 0.285573 0.547145 0.820578 1.106374 1.406474 1.723023 2.058489 2.415709 2.797947 3.208956 3.653049 4.135192 
4.135192 3.656573 3.213285 2.800720 2.414869 2.052250 1.709830 1.384977 1.075398 0.779101 0.494271 0.220625 -0.041195 -0.297085 -0.544273 -0.780079 -1.001946 -1.207466 -1.394410 -1.560747 -1.704673 -1.824625 -1.919299 -1.987668 -2.028989 -2.042812 -2.028989 -1.987668 -1.919299 -1.824625 -1.704673 -1.560747 -1.394410 -1.207466 -1.001946 -0.780079 -0.544273 -0.297085 -0.041195 0.220625 0.494271 0.779101 1.075398 1.384977 1.709830 2.052250 2.414869 2.800720 3.213285 3.656573 4.135192 
4.135192 3.660097 3.217615 2.803492 2.414029 2.046010 1.696638 1.363480 1.044421 0.737623 0.441397 0.155677 -0.118631 -0.386632 -0.645440 -0.892262 -1.124439 -1.339464 -1.535018 -1.708990 -1.859502 -1.984930 -2.083917 -2.155396 -2.198595 -2.213047 -2.198595 -2.155396 -2.083917 -1.984930 -1.859502 -1.708990 -1.535018 -1.339464 -1.124439 -0.892262 -0.645440 -0.386632 -0.118631 0.155677 0.441397 0.737623 1.044421 1.363480 1.696638 2.046010 2.414029 2.803492 3.217615 3.660097 4.135192 
4.135192 3.663620 3.221944 2.806264 2.413189 2.039771 1.683445 1.341982 1.013444 0.696145 0.388523 0.090729 -0.196067 -0.476179 -0.746606 -1.004445 -1.246932 -1.471462 -1.675627 -1.857233 -2.014332 -2.145234 -2.248535 -2.323125 -2.368201 -2.383281 -2.368201 -2.323125 -2.248535 -2.145234 -2.014332 -1.857233 -1.675627 -1.471462 -1.246932 -1.004445 -0.746606 -0.476179 -0.196067 0.090729 0.388523 0.696145 1.013444 1.341982 1.683445 2.039771 2.413189 2.806264 3.221944 3.663620 4.135192 
4.135192 3.667144 3.226274 2.809036 2.412349 2.033531 1.670252 1.320485 0.982468 0.654668 0.335649 0.025781 -0.273503 -0.565726 -0.847772 -1.116628 -1.369424 -1.603460 -1.816235 -2.005476 -2.169161 -2.305539 -2.413153 -2.490853 -2.537808 -2.553515 -2.537808 -2.490853 -2.413153 -2.305539 -2.169161 -2.005476 -1.816235 -1.603460 -1.369424 -1.116628 -0.847772 -0.565726 -0.273503 0.025781 0.335649 0.654668 0.982468 1.320485 1.670252 2.033531 2.412349 2.809036 3.226274 3.667144 4.135192 
4.135192 3.670668 3.230603 2.811808 2.411509 2.027291 1.657059 1.298988 0.951491 0.613190 0.282775 -0.039167 -0.350938 -0.655273 -0.948938 -1.228811 -1.491917 -1.735458 -1.956844 -2.153719 -2.323990 -2.465844 -2.577771 -2.658581 -2.707414 -2.723750 -2.707414 -2.658581 -2.577771 -2.465844 -2.323990 -2.153719 -1.956844 -1.735458 -1.491917 -1.228811 -0.948938 -0.655273 -0.350938 -0.039167 0.282775 0.613190 0.951491 1.298988 1.657059 2.027291 2.411509 2.811808 3.230603 3.670668 4.135192 
4.135192 3.674191 3.234933 2.814581 2.410668 2.021052 1.643867 1.277491 0.920515 0.571712 0.229901 -0.104115 -0.428374 -0.744820 -1.050104 -1.340994 -1.614410 -1.867456 -2.097452 -2.301962 -2.478819 -2.626148 -2.742389 -2.826310 -2.877020 -2.893984 -2.877020 -2.826310 -2.742389 -2.626148 -2.478819 -2.301962 -2.097452 -1.867456 -1.614410 -1.340994 -1.050104 -0.744820 -0.428374 -0.104115 0.229901 0.571712 0.920515 1.277491 1.643867 2.021052 2.410668 2.814581 3.234933 3.674191 4.135192 
4.135192 3.677715 3.239262 2.817353 2.409828 2.014812 1.630674 1.255994 0.889538 0.530235 0.177027 -0.169063 -0.505810 -0.834367 -1.151270 -1.453177 -1.736903 -1.999454 -2.238061 -2.450205 -2.633648 -2.786453 -2.907007 -2.994038 -3.046627 -3.064218 -3.046627 -2.994038 -2.907007 -2.786453 -2.633648 -2.450205 -2.238061 -1.999454 -1.736903 -1.453177 -1.151270 -0.834367 -0.505810 -0.169063 0.177027 0.530235 0.889538 1.255994 1.630674 2.014812 2.409828 2.817353 3.239262 3.677715 4.135192 
4.135192 3.681238 3.243592 2.820125 2.408988 2.008573 1.617481 1.234497 0.858562 0.488757 0.124153 -0.234011 -0.583246 -0.923914 -1.252437 -1.565360 -1.859396 -2.131452 -2.378670 -2.598448 -2.788477 -2.946758 -3.071625 -3.161766 -3.216233 -3.234453 -3.216233 -3.161766 -3.071625 -2.946758 -2.788477 -2.598448 -2.378670 -2.131452 -1.859396 -1.565360 -1.252437 -0.923914 -0.583246 -0.234011 0.124153 0.488757 0.858562 1.234497 1.617481 2.008573 2.408988 2.820125 3.243592 3.681238 4.135192 
4.135192 3.684762 3.247921 2.822897 2.408148 2.002333 1.604288 1.212999 0.827585 0.447279 0.071279 -0.298959 -0.660682 -1.013462 -1.353603 -1.677543 -1.981888 -2.263450 -2.519278 -2.746691 -2.943306 -3.107062 -3.236243 -3.329495 -3.385839 -3.404687 -3.385839 -3.329495 -3.236243 -3.107062 -2.943306 -2.746691 -2.519278 -2.263450 -1.981888 -1.677543 -1.353603 -1.013462 -0.660682 -0.298959 0.071279 0.447279 0.827585 1.212999 1.604288 2.002333 2.408148 2.822897 3.247921 3.684762 4.135192 
4.135192 3.688286 3.252251 2.825669 2.407308 1.996094 1.591096 1.191502 0.796609 0.405802 0.018405 -0.363907 -0.738118 -1.103009 -1.454769 -1.789726 -2.104381 -2.395448 -2.659887 -2.894934 -3.098135 -3.267367 -3.400861 -3.497223 -3.555446 -3.574921 -3.555446 -3.497223 -3.400861 -3.267367 -3.098135 -2.894934 -2.659887 -2.395448 -2.104381 -1.789726 -1.454769 -1.103009 -0.738118 -0.363907 0.018405 0.405802 0.796609 1.191502 1.591096 1.996094 2.407308 2.825669 3.252251 3.688286 4.135192 
4.135192 3.691809 3.256581 2.828442 2.406467 1.989854 1.577903 1.170005 0.765632 0.364324 -0.034469 -0.428855 -0.815554 -1.192556 -1.555935 -1.901909 -2.226874 -2.527446 -2.800495 -3.043177 -3.252964 -3.427672 -3.565479 -3.664951 -3.725052 -3.745156 -3.725052 -3.664951 -3.565479 -3.427672 -3.252964 -3.043177 -2.800495 -2.527446 -2.226874 -1.901909 -1.555935 -1.192556 -0.815554 -0.428855 -0.034469 0.364324 0.765632 1.170005 1.577903 1.989854 2.406467 2.828442 3.256581 3.691809 4.135192 
4.135192 3.695333 3.260910 2.831214 2.405627 1.983615 1.564710 1.148508 0.734655 0.322846 -0.087343 -0.493803 -0.892990 -1.282103 -1.657101 -2.014092 -2.349367 -2.659444 -2.941104 -3.191420 -3.407793 -3.587976 -3.730097 -3.832680 -3.894659 -3.915390 -3.894659 -3.832680 -3.730097 -3.587976 -3.407793 -3.191420 -2.941104 -2.659444 -2.349367 -2.014092 -1.657101 -1.282103 -0.892990 -0.493803 -0.087343 0.322846 0.734655 1.148508 1.564710 1.983615 2.405627 2.831214 3.260910 3.695333 4.135192 
4.135192 3.698857 3.265240 2.833986 2.404787 1.977375 1.551517 1.127011 0.703679 0.281369 -0.140217 -0.558751 -0.970425 -1.371650 -1.758268 -2.126275 -2.471860 -2.791442 -3.081712 -3.339663 -3.562623 -3.748281 -3.894715 -4.000408 -4.064265 -4.085624 -4.064265 -4.000408 -3.894715 -3.748281 -3.562623 -3.339663 -3.081712 -2.791442 -2.471860 -2.126275 -1.758268 -1.371650 -0.970425 -0.558751 -0.140217 0.281369 0.703679 1.127011 1.551517 1.977375 2.404787 2.833986 3.265240 3.698857 4.135192 
4.135192 3.702380 3.269569 2.836758 2.403947 1.971136 1.538325 1.105514 0.672702 0.239891 -0.193091 -0.623699 -1.047861 -1.461197 -1.859434 -2.238458 -2.594353 -2.923440 -3.222321 -3.487906 -3.717452 -3.908586 -4.059333 -4.168136 -4.233871 -4.255859 -4.233871 -4.168136 -4.059333 -3.908586 -3.717452 -3.487906 -3.222321 -2.923440 -2.594353 -2.238458 -1.859434 -1.461197 -1.047861 -0.623699 -0.193091 0.239891 0.672702 1.105514 1.538325 1.971136 2.403947 2.836758 3.269569 3.702380 4.135192 
