0.000000 0.000000 0.000000 0.000000 0.000000 0.000000 0.000000 0.000000 0.000000 0.000000 0.000000 0.000000 -0.014978 -0.027940 -0.038961 -0.047931 -0.054611 -0.058716 -0.060013 -0.058391 -0.053913 -0.046813 -0.037461 -0.026288 -0.013701 0.000000 0.013701 0.026288 0.037461 0.046813 0.053913 0.058391 0.060013 0.058716 0.054611 0.047931 0.038961 0.027940 0.014978 -0.000000 0.000000 0.000000 0.000000 0.000000 0.000000 0.000000 0.000000 0.000000 0.000000 0.000000 0.000000 
-0.020000 -0.170234 -0.170234 -0.170234 -0.170234 -0.170234 -0.170234 -0.170234 -0.170234 -0.170234 -0.170059 -0.168396 -0.179373 -0.186709 -0.190529 -0.190799 -0.187373 -0.180082 -0.168817 -0.153600 -0.134634 -0.112294 -0.087096 -0.059622 -0.030435 0.000000 0.030435 0.059622 0.087096 0.112294 0.134634 0.153600 0.168817 0.180082 0.187373 0.190799 0.190529 0.186709 0.179373 0.168396 0.170059 0.170234 0.170234 0.170234 0.170234 0.170234 0.170234 0.170234 0.170234 0.170234 0.020000 
-0.043000 -0.340469 -0.340469 -0.340469 -0.340469 -0.340469 -0.340469 -0.340469 -0.340469 -0.340469 -0.340118 -0.336793 -0.343767 -0.345478 -0.342098 -0.333666 -0.320136 -0.301448 -0.277620 -0.248809 -0.215354 -0.177775 -0.136731 -0.092956 -0.047169 0.000000 0.047169 0.092956 0.136731 0.177775 0.215354 0.248809 0.277620 0.301448 0.320136 0.333666 0.342098 0.345478 0.343767 0.336793 0.340118 0.340469 0.340469 0.340469 0.340469 0.340469 0.340469 0.340469 0.340469 0.340469 0.043000 
-0.069450 -0.510703 -0.510703 -0.510703 -0.510703 -0.510703 -0.510703 -0.510703 -0.510703 -0.510703 -0.510177 -0.505189 -0.508162 -0.504246 -0.493666 -0.476534 -0.452898 -0.422815 -0.386424 -0.344018 -0.296075 -0.243256 -0.186367 -0.126290 -0.063902 0.000000 0.063902 0.126290 0.186367 0.243256 0.296075 0.344018 0.386424 0.422815 0.452898 0.476534 0.493666 0.504246 0.508162 0.505189 0.510177 0.510703 0.510703 0.510703 0.510703 0.510703 0.510703 0.510703 0.510703 0.510703 0.069450 
-0.099867 -0.680937 -0.680937 -0.680937 -0.680937 -0.680937 -0.680937 -0.680937 -0.680937 -0.680937 -0.680236 -0.673585 -0.672556 -0.663015 -0.645234 -0.619401 -0.585661 -0.544181 -0.495228 -0.439227 -0.376796 -0.308736 -0.236002 -0.159624 -0.080636 0.000000 0.080636 0.159624 0.236002 0.308736 0.376796 0.439227 0.495228 0.544181 0.585661 0.619401 0.645234 0.663015 0.672556 0.673585 0.680236 0.680937 0.680937 0.680937 0.680937 0.680937 0.680937 0.680937 0.680937 0.680937 0.099867 
-0.134848 -0.851172 -0.851172 -0.851172 -0.851172 -0.851172 -0.851172 -0.851172 -0.851172 -0.851172 -0.850295 -0.841982 -0.836951 -0.821783 -0.796802 -0.762269 -0.718423 -0.665547 -0.604031 -0.534436 -0.457516 -0.374217 -0.285637 -0.192957 -0.097370 0.000000 0.097370 0.192957 0.285637 0.374217 0.457516 0.534436 0.604031 0.665547 0.718423 0.762269 0.796802 0.821783 0.836951 0.841982 0.850295 0.851172 0.851172 0.851172 0.851172 0.851172 0.851172 0.851172 0.851172 0.851172 0.134848 
-0.175075 -1.021406 -1.021406 -1.021406 -1.021406 -1.021406 -1.021406 -1.021406 -1.021406 -1.021406 -1.020354 -1.010378 -1.001346 -0.980552 -0.948370 -0.905136 -0.851186 -0.786913 -0.712835 -0.629645 -0.538237 -0.439698 -0.335272 -0.226291 -0.114104 0.000000 0.114104 0.226291 0.335272 0.439698 0.538237 0.629645 0.712835 0.786913 0.851186 0.905136 0.948370 0.980552 1.001346 1.010378 1.020354 1.021406 1.021406 1.021406 1.021406 1.021406 1.021406 1.021406 1.021406 1.021406 0.175075 
-0.221336 -1.191640 -1.191640 -1.191640 -1.191640 -1.191640 -1.191640 -1.191640 -1.191640 -1.191640 -1.190413 -1.178774 -1.165740 -1.139320 -1.099938 -1.048004 -0.983948 -0.908279 -0.821639 -0.724854 -0.618957 -0.505179 -0.384907 -0.259625 -0.130838 0.000000 0.130838 0.259625 0.384907 0.505179 0.618957 0.724854 0.821639 0.908279 0.983948 1.048004 1.099938 1.139320 1.165740 1.178774 1.190413 1.191640 1.191640 1.191640 1.191640 1.191640 1.191640 1.191640 1.191640 1.191640 0.221336 
-0.274536 -1.361875 -1.361875 -1.361875 -1.361875 -1.361875 -1.361875 -1.361875 -1.361875 -1.361875 -1.360472 -1.347171 -1.330135 -1.298089 -1.251506 -1.190871 -1.116711 -1.029645 -0.930442 -0.820063 -0.699678 -0.570660 -0.434542 -0.292959 -0.147572 0.000000 0.147572 0.292959 0.434542 0.570660 0.699678 0.820063 0.930442 1.029645 1.116711 1.190871 1.251506 1.298089 1.330135 1.347171 1.360472 1.361875 1.361875 1.361875 1.361875 1.361875 1.361875 1.361875 1.361875 1.361875 0.274536 
-0.335717 -1.532109 -1.532109 -1.532109 -1.532109 -1.532109 -1.532109 -1.532109 -1.532109 -1.532109 -1.530531 -1.515567 -1.494529 -1.456857 -1.403074 -1.333739 -1.249473 -1.151011 -1.039246 -0.915272 -0.780399 -0.636140 -0.484177 -0.326293 -0.164306 0.000000 0.164306 0.326293 0.484177 0.636140 0.780399 0.915272 1.039246 1.151011 1.249473 1.333739 1.403074 1.456857 1.494529 1.515567 1.530531 1.532109 1.532109 1.532109 1.532109 1.532109 1.532109 1.532109 1.532109 1.532109 0.335717 
-0.406074 -1.702343 -1.702343 -1.702343 -1.702343 -1.702343 -1.702343 -1.702343 -1.702343 -1.702343 -1.700590 -1.683964 -1.658924 -1.615626 -1.554642 -1.476606 -1.382235 -1.272377 -1.148050 -1.010481 -0.861119 -0.701621 -0.533812 -0.359627 -0.181040 0.000000 0.181040 0.359627 0.533812 0.701621 0.861119 1.010481 1.148050 1.272377 1.382235 1.476606 1.554642 1.615626 1.658924 1.683964 1.700590 1.702343 1.702343 1.702343 1.702343 1.702343 1.702343 1.702343 1.702343 1.702343 0.406074 
-0.486985 -1.872578 -1.872578 -1.872578 -1.872578 -1.872578 -1.872578 -1.872578 -1.872578 -1.872578 -1.870649 -1.852360 -1.823318 -1.774394 -1.706210 -1.619474 -1.514998 -1.393743 -1.256853 -1.105690 -0.941840 -0.767102 -0.583447 -0.392961 -0.197774 0.000000 0.197774 0.392961 0.583447 0.767102 0.941840 1.105690 1.256853 1.393743 1.514998 1.619474 1.706210 1.774394 1.823318 1.852360 1.870649 1.872578 1.872578 1.872578 1.872578 1.872578 1.872578 1.872578 1.872578 1.872578 0.486985 
-0.580033 -2.042812 -2.042812 -2.042812 -2.042812 -2.042812 -2.042812 -2.042812 -2.042812 -2.042812 -2.040709 -2.020756 -1.987713 -1.933163 -1.857779 -1.762341 -1.647760 -1.515109 -1.365657 -1.200899 -1.022560 -0.832583 -0.633082 -0.426295 -0.214508 0.000000 0.214508 0.426295 0.633082 0.832583 1.022560 1.200899 1.365657 1.515109 1.647760 1.762341 1.857779 1.933163 1.987713 2.020756 2.040709 2.042812 2.042812 2.042812 2.042812 2.042812 2.042812 2.042812 2.042812 2.042812 0.580033 
-0.687038 -2.213047 -2.213047 -2.213047 -2.213047 -2.213047 -2.213047 -2.213047 -2.213047 -2.213047 -2.210768 -2.189153 -2.152107 -2.091931 -2.009347 -1.905209 -1.780523 -1.636475 -1.474460 -1.296108 -1.103281 -0.898063 -0.682717 -0.459629 -0.231242 0.000000 0.231242 0.459629 0.682717 0.898063 1.103281 1.296108 1.474460 1.636475 1.780523 1.905209 2.009347 2.091931 2.152107 2.189153 2.210768 2.213047 2.213047 2.213047 2.213047 2.213047 2.213047 2.213047 2.213047 2.213047 0.687038 
-0.810094 -2.383281 -2.383281 -2.383281 -2.383281 -2.383281 -2.383281 -2.383281 -2.383281 -2.383281 -2.380827 -2.357549 -2.316502 -2.250700 -2.160915 -2.048076 -1.913285 -1.757841 -1.583264 -1.391317 -1.184002 -0.963544 -0.732352 -0.492962 -0.247976 0.000000 0.247976 0.492962 0.732352 0.963544 1.184002 1.391317 1.583264 1.757841 1.913285 2.048076 2.160915 2.250700 2.316502 2.357549 2.380827 2.383281 2.383281 2.383281 2.383281 2.383281 2.383281 2.383281 2.383281 2.383281 0.810094 
-0.951608 -2.553515 -2.553515 -2.553515 -2.553515 -2.553515 -2.553515 -2.553515 -2.553515 -2.553515 -2.550886 -2.525945 -2.480896 -2.409468 -2.312483 -2.190944 -2.046048 -1.879207 -1.692068 -1.486526 -1.264722 -1.029025 -0.781987 -0.526296 -0.264710 0.000000 0.264710 0.526296 0.781987 1.029025 1.264722 1.486526 1.692068 1.879207 2.046048 2.190944 2.312483 2.409468 2.480896 2.525945 2.550886 2.553515 2.553515 2.553515 2.553515 2.553515 2.553515 2.553515 2.553515 2.553515 0.951608 
-1.114349 -2.723750 -2.723750 -2.723750 -2.723750 -2.723750 -2.723750 -2.723750 -2.723750 -2.723750 -2.720945 -2.694342 -2.645291 -2.568237 -2.464051 -2.333811 -2.178810 -2.000573 -1.800871 -1.581735 -1.345443 -1.094506 -0.831623 -0.559630 -0.281444 0.000000 0.281444 0.559630 0.831623 1.094506 1.345443 1.581735 1.800871 2.000573 2.178810 2.333811 2.464051 2.568237 2.645291 2.694342 2.720945 2.723750 2.723750 2.723750 2.723750 2.723750 2.723750 2.723750 2.723750 2.723750 1.114349 
-1.301502 -2.893984 -2.893984 -2.893984 -2.893984 -2.893984 -2.893984 -2.893984 -2.893984 -2.893984 -2.891004 -2.862738 -2.809685 -2.727005 -2.615619 -2.476679 -2.311573 -2.121939 -1.909675 -1.676943 -1.426163 -1.159986 -0.881258 -0.592964 -0.298178 0.000000 0.298178 0.592964 0.881258 1.159986 1.426163 1.676943 1.909675 2.121939 2.311573 2.476679 2.615619 2.727005 2.809685 2.862738 2.891004 2.893984 2.893984 2.893984 2.893984 2.893984 2.893984 2.893984 2.893984 2.893984 1.301502 
-1.516727 -3.064218 -3.064218 -3.064218 -3.064218 -3.064218 -3.064218 -3.064218 -3.064218 -3.064218 -3.061063 -3.031134 -2.974080 -2.885774 -2.767187 -2.619546 -2.444335 -2.243305 -2.018479 -1.772152 -1.506884 -1.225467 -0.930893 -0.626298 -0.314912 0.000000 0.314912 0.626298 0.930893 1.225467 1.506884 1.772152 2.018479 2.243305 2.444335 2.619546 2.767187 2.885774 2.974080 3.031134 3.061063 3.064218 3.064218 3.064218 3.064218 3.064218 3.064218 3.064218 3.064218 3.064218 1.516727 
-1.764236 -3.234453 -3.234453 -3.234453 -3.234453 -3.234453 -3.234453 -3.234453 -3.234453 -3.234453 -3.231122 -3.199531 -3.138475 -3.044542 -2.918755 -2.762414 -2.577098 -2.364671 -2.127282 -1.867361 -1.587605 -1.290948 -0.980528 -0.659632 -0.331646 0.000000 0.331646 0.659632 0.980528 1.290948 1.587605 1.867361 2.127282 2.364671 2.577098 2.762414 2.918755 3.044542 3.138475 3.199531 3.231122 3.234453 3.234453 3.234453 3.234453 3.234453 3.234453 3.234453 3.234453 3.234453 1.764236 
-2.048871 -3.404687 -3.404687 -3.404687 -3.404687 -3.404687 -3.404687 -3.404687 -3.404687 -3.404687 -3.401181 -3.367927 -3.302869 -3.203311 -3.070323 -2.905281 -2.709860 -2.486037 -2.236086 -1.962570 -1.668325 -1.356429 -1.030163 -0.692966 -0.348380 0.000000 0.348380 0.692966 1.030163 1.356429 1.668325 1.962570 2.236086 2.486037 2.709860 2.905281 3.070323 3.203311 3.302869 3.367927 3.401181 3.404687 3.404687 3.404687 3.404687 3.404687 3.404687 3.404687 3.404687 3.404687 2.048871 
-2.376202 -3.574921 -3.574921 -3.574921 -3.574921 -3.574921 -3.574921 -3.574921 -3.574921 -3.574921 -3.571240 -3.536323 -3.467264 -3.362080 -3.221891 -3.048149 -2.842623 -2.607403 -2.344890 -2.057779 -1.749046 -1.421909 -1.079798 -0.726300 -0.365114 0.000000 0.365114 0.726300 1.079798 1.421909 1.749046 2.057779 2.344890 2.607403 2.842623 3.048149 3.221891 3.362080 3.467264 3.536323 3.571240 3.574921 3.574921 3.574921 3.574921 3.574921 3.574921 3.574921 3.574921 3.574921 2.376202 
-2.752632 -3.745156 -3.745156 -3.745156 -3.745156 -3.745156 -3.745156 -3.745156 -3.745156 -3.745156 -3.741299 -3.704720 -3.631658 -3.520848 -3.373460 -3.191016 -2.975385 -2.728769 -2.453693 -2.152988 -1.829766 -1.487390 -1.129433 -0.759634 -0.381848 0.000000 0.381848 0.759634 1.129433 1.487390 1.829766 2.152988 2.453693 2.728769 2.975385 3.191016 3.373460 3.520848 3.631658 3.704720 3.741299 3.745156 3.745156 3.745156 3.745156 3.745156 3.745156 3.745156 3.745156 3.745156 2.752632 
-3.185527 -3.915390 -3.915390 -3.915390 -3.915390 -3.915390 -3.915390 -3.915390 -3.915390 -3.915390 -3.911358 -3.873116 -3.796053 -3.679617 -3.525028 -3.333884 -3.108148 -2.850135 -2.562497 -2.248197 -1.910487 -1.552871 -1.179068 -0.792967 -0.398582 0.000000 0.398582 0.792967 1.179068 1.552871 1.910487 2.248197 2.562497 2.850135 3.108148 3.333884 3.525028 3.679617 3.796053 3.873116 3.911358 3.915390 3.915390 3.915390 3.915390 3.915390 3.915390 3.915390 3.915390 3.915390 3.185527 
-3.683355 -4.085624 -4.085624 -4.085624 -4.085624 -4.085624 -4.085624 -4.085624 -4.085624 -4.085624 -4.081417 -4.041513 -3.960447 -3.838385 -3.676596 -3.476751 -3.240910 -2.971501 -2.671301 -2.343406 -1.991208 -1.618352 -1.228703 -0.826301 -0.415316 0.000000 0.415316 0.826301 1.228703 1.618352 1.991208 2.343406 2.671301 2.971501 3.240910 3.476751 3.676596 3.838385 3.960447 4.041513 4.081417 4.085624 4.085624 4.085624 4.085624 4.085624 4.085624 4.085624 4.085624 4.085624 3.683355 
-4.255859 -4.255859 -4.255859 -4.255859 -4.255859 -4.255859 -4.255859 -4.255859 -4.255859 -4.255859 -4.251476 -4.209909 -4.124842 -3.997154 -3.828164 -3.619619 -3.373673 -3.092867 -2.780104 -2.438615 -2.071928 -1.683832 -1.278338 -0.859635 -0.432050 0.000000 0.432050 0.859635 1.278338 1.683832 2.071928 2.438615 2.780104 3.092867 3.373673 3.619619 3.828164 3.997154 4.124842 4.209909 4.251476 4.255859 4.255859 4.255859 4.255859 4.255859 4.255859 4.255859 4.255859 4.255859 4.255859 
