125.058 124.258 124.189 124.059 123.886 123.663 123.365 122.934 122.323 121.531 119.632 114.289 114.199 123.897 126.903 130.405 133.486 136.332 138.236 138.499 137.147 133.072 123.798 104.648 57.2615 0 57.2615 104.648 123.798 133.072 137.147 138.499 138.236 136.332 133.486 130.405 126.903 123.897 114.199 114.289 119.632 121.531 122.323 122.934 123.365 123.663 123.886 124.059 124.189 124.258 125.058 
124.258 124.258 124.189 124.059 123.886 123.663 123.365 122.934 122.323 121.531 119.632 114.76 115.075 124.78 127.75 131.217 134.235 136.873 138.695 139.235 138.223 134.566 125.762 105.562 60.2364 11.1882 60.2364 105.562 125.762 134.566 138.223 139.235 138.695 136.873 134.235 131.217 127.75 124.78 115.075 114.76 119.632 121.531 122.323 122.934 123.365 123.663 123.886 124.059 124.189 124.258 124.258 
124.275 124.275 124.209 124.084 123.916 123.701 123.41 122.989 122.39 121.601 119.711 115.41 116.487 125.647 128.644 132.075 135.029 137.558 139.413 140.256 139.629 136.428 128.033 107.667 64.0357 20.2652 64.0357 107.667 128.033 136.428 139.629 140.256 139.413 137.558 135.029 132.075 128.644 125.647 116.487 115.41 119.711 121.601 122.39 122.989 123.41 123.701 123.916 124.084 124.209 124.275 124.275 
124.33 124.33 124.272 124.161 124.01 123.814 123.546 123.153 122.587 121.832 120.086 116.643 118.262 126.498 129.487 132.884 135.782 138.278 140.201 141.231 140.809 137.74 129.17 108.282 66.8101 31.8579 66.8101 108.282 129.17 137.74 140.809 141.231 140.201 138.278 135.782 132.884 129.487 126.498 118.262 116.643 120.086 121.832 122.587 123.153 123.546 123.814 124.01 124.161 124.272 124.33 124.33 
124.427 124.427 124.383 124.295 124.17 124.003 123.772 123.423 122.915 122.242 120.747 118.163 120.091 127.22 130.173 133.53 136.371 138.841 140.765 141.796 141.322 138.046 128.998 107.891 69.7595 41.9084 69.7595 107.891 128.998 138.046 141.322 141.796 140.765 138.841 136.371 133.53 130.173 127.22 120.091 118.163 120.747 122.242 122.915 123.423 123.772 124.003 124.17 124.295 124.383 124.427 124.427 
124.557 124.557 124.529 124.467 124.372 124.238 124.046 123.748 123.311 122.746 121.527 119.673 121.69 127.726 130.623 133.905 136.656 139.033 140.829 141.67 140.917 137.211 127.614 106.717 73.0985 52.5011 73.0985 106.717 127.614 137.211 140.917 141.67 140.829 139.033 136.656 133.905 130.623 127.726 121.69 119.673 121.527 122.746 123.311 123.748 124.046 124.238 124.372 124.467 124.529 124.557 124.557 
124.699 124.699 124.687 124.648 124.577 124.471 124.312 124.058 123.687 123.218 122.234 120.953 122.941 128.001 130.823 133.972 136.576 138.774 140.328 140.859 139.714 135.521 125.506 105.456 77.1364 62.0122 77.1364 105.456 125.506 135.521 139.714 140.859 140.328 138.774 136.576 133.972 130.823 128.001 122.941 120.953 122.234 123.218 123.687 124.058 124.312 124.471 124.577 124.648 124.687 124.699 124.699 
124.831 124.831 124.829 124.804 124.749 124.659 124.519 124.294 123.97 123.567 122.776 121.955 123.872 128.102 130.82 133.775 136.181 138.142 139.399 139.583 138.033 133.397 123.182 104.61 81.814 71.141 81.814 104.61 123.182 133.397 138.033 139.583 139.399 138.142 136.181 133.775 130.82 128.102 123.872 121.955 122.776 123.567 123.97 124.294 124.519 124.659 124.749 124.804 124.829 124.831 124.831 
124.934 124.934 124.934 124.914 124.862 124.777 124.644 124.434 124.142 123.791 123.177 122.749 124.581 128.119 130.697 133.412 135.592 137.289 138.238 138.08 136.149 131.142 120.988 104.45 86.8846 79.4313 86.8846 104.45 120.988 131.142 136.149 138.08 138.238 137.289 135.592 133.412 130.697 128.119 124.581 122.749 123.177 123.791 124.142 124.434 124.644 124.777 124.862 124.914 124.934 124.934 124.934 
124.998 124.998 124.996 124.971 124.916 124.829 124.698 124.5 124.24 123.948 123.52 123.431 125.162 128.126 130.528 132.974 134.912 136.336 136.974 136.481 134.192 128.915 119.148 105.071 92.0887 86.9896 92.0887 105.071 119.148 128.915 134.192 136.481 136.974 136.336 134.912 132.974 130.528 128.126 125.162 123.431 123.52 123.948 124.24 124.5 124.698 124.829 124.916 124.971 124.996 124.998 124.998 
125.026 125.026 125.019 124.988 124.929 124.841 124.716 124.538 124.322 124.109 123.873 124.061 125.669 128.153 130.346 132.504 134.182 135.314 135.634 134.811 132.211 126.831 117.833 106.427 97.1711 93.7214 97.1711 106.427 117.833 126.831 132.211 134.811 135.634 135.314 134.182 132.504 130.346 128.153 125.669 124.061 123.873 124.109 124.322 124.538 124.716 124.841 124.929 124.988 125.019 125.026 125.026 
125.03 125.03 125.019 124.985 124.927 124.845 124.735 124.589 124.432 124.312 124.256 124.646 126.108 128.187 130.137 131.99 133.385 134.205 134.203 133.079 130.262 125.021 117.151 108.354 101.945 99.6401 101.945 108.354 117.151 125.021 130.262 133.079 134.203 134.205 133.385 131.99 130.137 128.187 126.108 124.646 124.256 124.312 124.432 124.589 124.735 124.845 124.927 124.985 125.019 125.03 125.03 
125.026 125.026 125.014 124.982 124.931 124.863 124.776 124.672 124.58 124.551 124.645 125.162 126.46 128.188 129.868 131.401 132.492 132.994 132.691 131.33 128.447 123.615 117.106 110.624 106.28 104.757 106.28 110.624 117.106 123.615 128.447 131.33 132.691 132.994 132.492 131.401 129.868 128.188 126.46 125.162 124.645 124.551 124.58 124.672 124.776 124.863 124.931 124.982 125.014 125.026 125.026 
125.026 125.026 125.016 124.991 124.951 124.9 124.841 124.78 124.749 124.801 125.005 125.578 126.703 128.12 129.513 130.721 131.502 131.7 131.149 129.654 126.885 122.692 117.6 113.004 110.106 109.11 110.106 113.004 117.6 122.692 126.885 129.654 131.149 131.7 131.502 130.721 129.513 128.12 126.703 125.578 125.005 124.801 124.749 124.78 124.841 124.9 124.951 124.991 125.016 125.026 125.026 
125.035 125.035 125.028 125.011 124.984 124.951 124.919 124.897 124.918 125.032 125.305 125.88 126.829 127.965 129.067 129.959 130.443 130.38 129.661 128.154 125.667 122.248 118.465 115.308 113.396 112.75 113.396 115.308 118.465 122.248 125.667 128.154 129.661 130.38 130.443 129.959 129.067 127.965 126.829 125.88 125.305 125.032 124.918 124.897 124.919 124.951 124.984 125.011 125.028 125.035 125.035 
125.052 125.052 125.048 125.038 125.023 125.006 124.997 125.008 125.071 125.228 125.533 126.068 126.843 127.723 128.545 129.144 129.366 129.107 128.313 126.915 124.83 122.205 119.522 117.406 116.156 115.739 116.156 117.406 119.522 122.205 124.83 126.915 128.313 129.107 129.366 129.144 128.545 127.723 126.843 126.068 125.533 125.228 125.071 125.008 124.997 125.006 125.023 125.038 125.048 125.052 125.052 
125.073 125.073 125.072 125.067 125.061 125.059 125.07 125.108 125.201 125.38 125.686 126.152 126.759 127.407 127.971 128.317 128.332 127.956 127.179 125.982 124.349 122.445 120.615 119.226 118.416 118.149 118.416 119.226 120.615 122.445 124.349 125.982 127.179 127.956 128.332 128.317 127.971 127.407 126.759 126.152 125.686 125.38 125.201 125.108 125.07 125.059 125.061 125.067 125.072 125.073 125.073 
125.098 125.098 125.097 125.097 125.099 125.109 125.136 125.194 125.303 125.486 125.764 126.145 126.593 127.037 127.381 127.527 127.403 126.988 126.303 125.353 124.154 122.841 121.636 120.741 120.222 120.052 120.222 120.741 121.636 122.841 124.154 125.353 126.303 126.988 127.403 127.527 127.381 127.037 126.593 126.145 125.764 125.486 125.303 125.194 125.136 125.109 125.099 125.097 125.097 125.098 125.098 
125.126 125.126 125.126 125.128 125.137 125.156 125.195 125.263 125.376 125.545 125.777 126.064 126.371 126.644 126.815 126.821 126.626 126.237 125.686 124.985 124.155 123.29 122.521 121.956 121.628 121.521 121.628 121.956 122.521 123.29 124.155 124.985 125.686 126.237 126.626 126.821 126.815 126.644 126.371 126.064 125.777 125.545 125.376 125.263 125.195 125.156 125.137 125.128 125.126 125.126 125.126 
125.161 125.161 125.161 125.165 125.178 125.203 125.246 125.315 125.418 125.559 125.736 125.933 126.121 126.262 126.312 126.237 126.029 125.705 125.296 124.812 124.268 123.721 123.245 122.897 122.693 122.627 122.693 122.897 123.245 123.721 124.268 124.812 125.296 125.705 126.029 126.237 126.312 126.262 126.121 125.933 125.736 125.559 125.418 125.315 125.246 125.203 125.178 125.165 125.161 125.161 125.161 
125.2 125.2 125.201 125.207 125.221 125.247 125.289 125.35 125.434 125.539 125.658 125.777 125.872 125.92 125.898 125.792 125.607 125.362 125.081 124.766 124.426 124.094 123.808 123.599 123.476 123.435 123.476 123.599 123.808 124.094 124.426 124.766 125.081 125.362 125.607 125.792 125.898 125.92 125.872 125.777 125.658 125.539 125.434 125.35 125.289 125.247 125.221 125.207 125.201 125.2 125.2 
125.236 125.236 125.238 125.247 125.263 125.287 125.322 125.369 125.429 125.496 125.564 125.62 125.65 125.641 125.585 125.479 125.334 125.164 124.982 124.789 124.586 124.392 124.226 124.105 124.032 124.009 124.032 124.105 124.226 124.392 124.586 124.789 124.982 125.164 125.334 125.479 125.585 125.641 125.65 125.62 125.564 125.496 125.429 125.369 125.322 125.287 125.263 125.247 125.238 125.236 125.236 
125.252 125.252 125.258 125.27 125.288 125.311 125.339 125.372 125.407 125.44 125.467 125.479 125.469 125.433 125.37 125.283 125.179 125.07 124.962 124.85 124.735 124.627 124.535 124.468 124.427 124.413 124.427 124.468 124.535 124.627 124.735 124.85 124.962 125.07 125.179 125.283 125.37 125.433 125.469 125.479 125.467 125.44 125.407 125.372 125.339 125.311 125.288 125.27 125.258 125.252 125.252 
125.227 125.227 125.234 125.249 125.27 125.293 125.318 125.342 125.363 125.376 125.378 125.366 125.34 125.298 125.242 125.177 125.108 125.041 124.978 124.915 124.851 124.792 124.742 124.705 124.682 124.675 124.682 124.705 124.742 124.792 124.851 124.915 124.978 125.041 125.108 125.177 125.242 125.298 125.34 125.366 125.378 125.376 125.363 125.342 125.318 125.293 125.27 125.249 125.234 125.227 125.227 
125.159 125.159 125.164 125.177 125.197 125.221 125.246 125.268 125.282 125.284 125.272 125.25 125.219 125.18 125.136 125.088 125.04 124.995 124.955 124.921 124.889 124.86 124.835 124.816 124.805 124.801 124.805 124.816 124.835 124.86 124.889 124.921 124.955 124.995 125.04 125.088 125.136 125.18 125.219 125.25 125.272 125.284 125.282 125.268 125.246 125.221 125.197 125.177 125.164 125.159 125.159 
125.058 125.058 125.058 125.058 125.058 125.058 125.058 125.058 125.058 125.058 125.058 125.058 125.058 125.058 125.058 125.058 125.058 125.058 125.058 125.058 125.058 125.058 125.058 125.058 125.058 125.058 125.058 125.058 125.058 125.058 125.058 125.058 125.058 125.058 125.058 125.058 125.058 125.058 125.058 125.058 125.058 125.058 125.058 125.058 125.058 125.058 125.058 125.058 125.058 125.058 125.058 
