-195.984 -208.292 -239.4 -275.017 -315.814 -362.506 -415.832 -476.429 -544.966 -622.689 -703.99 -768.525 -839.817 -926.278 -985.426 -1063.84 -1161.99 -1288.69 -1448.26 -1649.02 -1916.46 -2282.16 -2788.73 -3489.61 -3689.59 5.4308e-06 3689.59 3489.61 2788.73 2282.16 1916.46 1649.02 1448.26 1288.69 1161.99 1063.84 985.426 926.278 839.817 768.525 703.99 622.689 544.966 476.429 415.832 362.506 315.814 275.017 239.4 208.292 195.984 
-195.546 -209 -239.801 -275.154 -315.684 -362.079 -415.03 -475.169 -543.128 -620.044 -700.334 -766.08 -839.817 -926.278 -985.426 -1063.84 -1161.99 -1288.69 -1448.26 -1649.02 -1916.46 -2282.16 -2788.73 -3489.61 -3689.59 5.4308e-06 3689.59 3489.61 2788.73 2282.16 1916.46 1649.02 1448.26 1288.69 1161.99 1063.84 985.426 926.278 839.817 766.08 700.334 620.044 543.128 475.169 415.03 362.079 315.684 275.154 239.801 209 195.546 
-196.538 -209.845 -240.304 -275.372 -315.609 -361.686 -414.274 -473.933 -541.293 -617.343 -696.394 -765.856 -842.154 -925.654 -984.68 -1062.86 -1160.88 -1288.31 -1448.46 -1647.99 -1913.44 -2274.59 -2766.35 -3432.1 -3546.41 5.50347e-06 3546.41 3432.1 2766.35 2274.59 1913.44 1647.99 1448.46 1288.31 1160.88 1062.86 984.68 925.654 842.154 765.856 696.394 617.343 541.293 473.933 414.274 361.686 315.609 275.372 240.304 209.845 196.538 
-197.734 -210.876 -240.96 -275.729 -315.687 -361.453 -413.672 -472.908 -539.73 -614.974 -693.518 -767.646 -846.094 -923.676 -982.432 -1060.45 -1158.53 -1287.71 -1448.79 -1645.19 -1905.37 -2255.01 -2717.83 -3332.06 -3283.78 7.64266e-06 3283.78 3332.06 2717.83 2255.01 1905.37 1645.19 1448.79 1287.71 1158.53 1060.45 982.432 923.676 846.094 767.646 693.518 614.974 539.73 472.908 413.672 361.453 315.687 275.729 240.96 210.876 197.734 
-199.162 -212.117 -241.795 -276.249 -315.903 -361.347 -413.211 -472.022 -538.327 -612.927 -691.51 -770.188 -848.964 -919.422 -977.661 -1055.42 -1153.55 -1284.52 -1445.22 -1634.77 -1883.59 -2211.17 -2628.33 -3158.8 -2916.67 9.44393e-06 2916.67 3158.8 2628.33 2211.17 1883.59 1634.77 1445.22 1284.52 1153.55 1055.42 977.661 919.422 848.964 770.188 691.51 612.927 538.327 472.022 413.211 361.347 315.903 276.249 241.795 212.117 199.162 
-200.823 -213.574 -242.8 -276.894 -316.198 -361.273 -412.724 -471.042 -536.779 -610.682 -689.238 -771.127 -848.606 -912.099 -969.657 -1046.83 -1144.63 -1276.5 -1434.43 -1612.83 -1843.93 -2140.08 -2499.6 -2924.93 -2515.72 8.53561e-06 2515.72 2924.93 2499.6 2140.08 1843.93 1612.83 1434.43 1276.5 1144.63 1046.83 969.657 912.099 848.606 771.127 689.238 610.682 536.779 471.042 412.724 361.273 316.198 276.894 242.8 213.574 200.823 
-202.718 -215.233 -243.936 -277.599 -316.475 -361.084 -411.989 -469.642 -534.606 -607.512 -685.472 -768.912 -844.079 -901.446 -958.189 -1034.24 -1131.07 -1262.56 -1415.15 -1578.72 -1787.28 -2045.9 -2341.15 -2650.38 -2119.55 7.29883e-06 2119.55 2650.38 2341.15 2045.9 1787.28 1578.72 1415.15 1262.56 1131.07 1034.24 958.189 901.446 844.079 768.912 685.472 607.512 534.606 469.642 411.989 361.084 316.475 277.599 243.936 215.233 202.718 
-204.829 -217.079 -245.17 -278.295 -316.634 -360.629 -410.796 -467.577 -531.444 -602.829 -679.546 -763.122 -835.484 -887.742 -943.458 -1017.82 -1113.03 -1242.89 -1388.04 -1534.24 -1717.13 -1934.61 -2162.16 -2353.71 -1756.47 6.06329e-06 1756.47 2353.71 2162.16 1934.61 1717.13 1534.24 1388.04 1242.89 1113.03 1017.82 943.458 887.742 835.484 763.122 679.546 602.829 531.444 467.577 410.796 360.629 316.634 278.295 245.17 217.079 204.829 
-207.147 -219.093 -246.479 -278.954 -316.606 -359.82 -409.042 -464.652 -527.087 -596.562 -671.453 -754.026 -823.387 -871.446 -925.887 -998.113 -1091.16 -1218.32 -1354.36 -1481.33 -1636.31 -1810.23 -1968.79 -2050.33 -1436.69 4.89325e-06 1436.69 2050.33 1968.79 1810.23 1636.31 1481.33 1354.36 1218.32 1091.16 998.113 925.887 871.446 823.387 754.026 671.453 596.562 527.087 464.652 409.042 359.82 316.606 278.954 246.479 219.093 207.147 
-209.679 -221.282 -247.859 -279.552 -316.373 -358.637 -406.715 -460.926 -521.59 -588.783 -661.49 -742.168 -808.299 -852.899 -905.786 -975.512 -1065.88 -1189.23 -1314.51 -1420.58 -1545.65 -1674.41 -1765.91 -1754.84 -1165.05 3.77813e-06 1165.05 1754.84 1765.91 1674.41 1545.65 1420.58 1314.51 1189.23 1065.88 975.512 905.786 852.899 808.299 742.168 661.49 588.783 521.59 460.926 406.715 358.637 316.373 279.552 247.859 221.282 209.679 
-212.442 -223.665 -249.334 -280.119 -315.965 -357.112 -403.858 -456.43 -515.079 -579.752 -649.839 -727.754 -790.426 -832.085 -883.09 -949.942 -1036.95 -1155.09 -1267.79 -1351.32 -1444.97 -1528.71 -1559.66 -1479.96 -940.068 2.80355e-06 940.068 1479.96 1559.66 1528.71 1444.97 1351.32 1267.79 1155.09 1036.95 949.942 883.09 832.085 790.426 727.754 649.839 579.752 515.079 456.43 403.858 357.112 315.965 280.119 249.334 223.665 212.442 
-215.473 -226.271 -250.931 -280.688 -315.426 -355.289 -400.499 -451.233 -507.599 -569.421 -636.424 -710.695 -769.619 -808.644 -857.383 -920.857 -1003.52 -1114.75 -1213 -1272.84 -1334.68 -1376.12 -1357.31 -1234.18 -756.858 2.01029e-06 756.858 1234.18 1357.31 1376.12 1334.68 1272.84 1213 1114.75 1003.52 920.857 857.383 808.644 769.619 710.695 636.424 569.421 507.599 451.233 400.499 355.289 315.426 280.688 250.931 226.271 215.473 
-218.79 -229.123 -252.686 -281.292 -314.758 -353.165 -396.643 -445.247 -499.015 -557.624 -620.938 -690.734 -745.582 -782.06 -828.049 -887.496 -964.638 -1067.12 -1149.34 -1185.22 -1216.52 -1221.1 -1165.67 -1020.78 -608.789 1.39467e-06 608.789 1020.78 1165.67 1221.1 1216.52 1185.22 1149.34 1067.12 964.638 887.496 828.049 782.06 745.582 690.734 620.938 557.624 499.015 445.247 396.643 353.165 314.758 281.292 252.686 229.123 218.79 
-222.406 -232.23 -254.602 -281.915 -313.943 -350.683 -392.158 -438.336 -489.106 -544.026 -603.046 -667.614 -718.033 -751.851 -794.525 -849.175 -919.539 -1011.58 -1076.83 -1089.64 -1093.51 -1068.62 -989.718 -839.037 -489.228 9.34356e-07 489.228 839.037 989.718 1068.62 1093.51 1089.64 1076.83 1011.58 919.539 849.175 794.525 751.851 718.033 667.614 603.046 544.026 489.106 438.336 392.158 350.683 313.943 281.915 254.602 232.23 222.406 
-226.295 -235.565 -256.641 -282.513 -312.907 -347.728 -386.891 -430.272 -477.632 -528.371 -582.498 -641.188 -686.794 -717.671 -756.421 -805.481 -867.91 -948.202 -996.341 -988.313 -969.334 -923.166 -832.106 -685.976 -392.445 6.02237e-07 392.445 685.976 832.106 923.166 969.334 988.313 996.341 948.202 867.91 805.481 756.421 717.671 686.794 641.188 582.498 528.371 477.632 430.272 386.891 347.728 312.907 282.513 256.641 235.565 226.295 
-230.395 -239.06 -258.737 -282.996 -311.532 -344.158 -380.683 -420.883 -464.376 -510.47 -559.147 -611.389 -651.815 -679.358 -713.577 -756.309 -809.915 -877.708 -909.558 -884.051 -847.72 -788.154 -693.516 -557.9 -313.878 3.70626e-07 313.878 557.9 693.516 788.154 847.72 884.051 909.558 877.708 809.915 756.309 713.577 679.358 651.815 611.389 559.147 510.47 464.376 420.883 380.683 344.158 311.532 282.996 258.737 239.06 230.395 
-234.595 -242.606 -260.774 -283.247 -309.681 -339.818 -373.377 -410.002 -449.193 -490.197 -532.942 -578.293 -613.183 -636.951 -666.097 -701.952 -746.253 -801.507 -818.812 -779.947 -731.928 -665.668 -573.359 -451.212 -250.009 2.14053e-07 250.009 451.212 573.359 665.668 731.928 779.947 818.812 801.507 746.253 701.952 666.097 636.951 613.183 578.293 532.942 490.197 449.193 410.002 373.377 339.818 309.681 283.247 260.774 242.606 234.595 
-238.742 -246.051 -262.6 -283.106 -307.203 -334.556 -364.806 -397.483 -431.988 -467.508 -503.95 -542.11 -571.145 -590.733 -614.419 -643.145 -678.202 -721.61 -726.784 -678.923 -624.386 -556.608 -470.301 -362.708 -198.109 1.11396e-07 198.109 362.708 470.301 556.608 624.386 678.923 726.784 721.61 678.202 643.145 614.419 590.733 571.145 542.11 503.95 467.508 431.988 397.483 364.806 334.556 307.203 283.106 262.6 246.051 238.742 
-242.642 -249.191 -264.006 -282.375 -303.911 -328.205 -354.821 -383.214 -412.719 -442.458 -472.338 -503.154 -526.158 -541.281 -559.377 -581.111 -607.507 -640.336 -636.126 -583.378 -526.589 -460.942 -382.699 -289.586 -156.024 4.65627e-08 156.024 289.586 382.699 460.942 526.589 583.378 636.126 640.336 607.507 581.111 559.377 541.281 526.158 503.154 472.338 442.458 412.719 383.214 354.821 328.205 303.911 282.375 264.006 249.191 242.642 
-246.027 -251.758 -264.743 -280.818 -299.575 -320.563 -343.285 -367.14 -391.411 -415.195 -438.44 -461.953 -478.924 -489.525 -502.185 -517.431 -536.153 -560.002 -549.12 -494.962 -439.143 -378.021 -308.781 -229.448 -122.005 7.72543e-09 122.005 229.448 308.781 378.021 439.143 494.962 549.12 560.002 536.153 517.431 502.185 489.525 478.924 461.953 438.44 415.195 391.411 367.14 343.285 320.563 299.575 280.818 264.743 251.758 246.027 
-248.569 -253.434 -264.493 -278.13 -293.94 -311.45 -330.092 -349.236 -368.17 -386.011 -402.755 -419.224 -430.396 -436.643 -444.294 -453.81 -466.071 -482.615 -467.446 -414.565 -361.959 -306.758 -246.739 -180.144 -94.5631 -1.37225e-08 94.5631 180.144 246.739 306.758 361.959 414.565 467.446 482.615 466.071 453.81 444.294 436.643 430.396 419.224 402.755 386.011 368.17 349.236 330.092 311.45 293.94 278.13 264.493 253.434 248.569 
-249.886 -253.839 -262.882 -273.985 -286.735 -300.643 -315.14 -329.57 -343.243 -355.339 -365.918 -375.859 -381.701 -383.963 -387.219 -391.934 -398.936 -409.634 -392.073 -342.348 -294.346 -245.741 -194.716 -139.701 -72.4102 -2.28774e-08 72.4102 139.701 194.716 245.741 294.346 342.348 392.073 409.634 398.936 391.934 387.219 383.963 381.701 375.859 365.918 355.339 343.243 329.57 315.14 300.643 286.735 273.985 262.882 253.839 249.886 
-249.551 -252.563 -259.52 -268.012 -277.654 -287.96 -298.366 -308.256 -316.956 -323.733 -328.75 -332.906 -334.081 -332.901 -332.472 -333.227 -335.948 -341.891 -323.169 -277.672 -234.96 -193.131 -150.669 -106.176 -54.3278 -2.39964e-08 54.3278 106.176 150.669 193.131 234.96 277.672 323.169 341.891 335.948 333.227 332.472 332.901 334.081 332.906 328.75 323.733 316.956 308.256 298.366 287.96 277.654 268.012 259.52 252.563 249.551 
-247.184 -249.23 -254.029 -259.865 -266.393 -273.183 -279.725 -285.449 -289.739 -291.941 -292.279 -291.635 -288.997 -285.005 -281.539 -278.958 -277.862 -279.265 -259.492 -218.293 -180.957 -145.897 -111.747 -77.1915 -38.9399 -2.28475e-08 38.9399 77.1915 111.747 145.897 180.957 218.293 259.492 279.265 277.862 278.958 281.539 285.005 288.997 291.635 292.279 291.941 289.739 285.449 279.725 273.183 266.393 259.865 254.029 249.23 247.184 
-242.565 -243.627 -246.161 -249.242 -252.643 -256.061 -259.107 -261.319 -262.194 -261.16 -258.29 -254.083 -248.6 -242.531 -236.709 -231.09 -225.483 -219.396 -192.327 -154.477 -123.679 -97.0538 -72.6752 -49.0899 -24.3554 -1.46372e-08 24.3554 49.0899 72.6752 97.0538 123.679 154.477 192.327 219.396 225.483 231.09 236.709 242.531 248.6 254.083 258.29 261.16 262.194 261.319 259.107 256.061 252.643 249.242 246.161 243.627 242.565 
-235.873 -235.873 -235.873 -235.873 -235.873 -235.87 -235.87 -235.874 -235.873 -235.352 -230.92 -222.189 -212.635 -202.748 -192.004 -179.73 -165.084 -147.036 -124.448 -103.839 -84.9461 -67.3331 -50.4853 -33.8383 -16.6888 -8.42332e-14 16.6888 33.8383 50.4853 67.3331 84.9461 103.839 124.448 147.036 165.084 179.73 192.004 202.748 212.635 222.189 230.92 235.352 235.873 235.874 235.87 235.87 235.873 235.873 235.873 235.873 235.873 
