-0 -4.21745e-07 -3.8935e-07 -2.43999e-07 -9.76706e-08 1.08174e-08 1.0028e-07 1.88483e-07 2.78287e-07 4.01577e-07 -0.000106342 357.173 0 0 0 0 0 5.68434e-14 3.55271e-15 -1.13687e-13 -2.27374e-13 4.54747e-13 0 0 -3.63798e-12 0 0 -3.63798e-12 0 0 -2.27374e-13 -1.13687e-13 7.10543e-15 0 1.13687e-13 0 -2.27374e-13 1.13687e-13 1.13687e-13 357.173 -0.000107614 -4.01577e-07 -2.78287e-07 -1.88483e-07 -1.0028e-07 -1.08174e-08 9.76706e-08 2.43999e-07 3.8935e-07 4.21745e-07 0 
-3.95922 -4.24518 -5.10332 -6.40335 -8.07599 -10.1179 -12.4998 -15.0789 -17.7412 -19.8013 -2.99519 241.766 -34.4477 -42.0169 -52.7456 -66.8392 -86.4679 -114.899 -157.906 -220.534 -318.504 -488.751 -809.054 -1285.23 -2995.51 -6215.58 -2995.51 -1285.23 -809.054 -488.751 -318.504 -220.534 -157.906 -114.899 -86.4679 -66.8392 -52.7456 -42.0169 -34.4477 241.766 -2.99519 -19.8013 -17.7412 -15.0789 -12.4998 -10.1179 -8.07599 -6.40335 -5.10332 -4.24518 -3.95921 
-7.39355 -7.92479 -9.51192 -11.9174 -15.016 -18.8018 -23.2145 -27.9868 -32.9213 -37.3491 -16.3103 164.22 -69.425 -72.034 -101.181 -131.097 -170.937 -228.684 -314.797 -442.218 -644.645 -1000.81 -1696.25 -2926.15 -5858.36 -8992.06 -5858.36 -2926.15 -1696.25 -1000.81 -644.645 -442.218 -314.797 -228.684 -170.937 -131.097 -101.181 -72.034 -69.425 164.22 -16.3103 -37.3491 -32.9213 -27.9868 -23.2145 -18.8018 -15.016 -11.9174 -9.51192 -7.92479 -7.39355 
-10.3739 -11.1144 -13.3186 -16.669 -20.9953 -26.2878 -32.4638 -39.1736 -46.1828 -52.2939 -31.0652 87.314 -93.6157 -101.34 -144.085 -186.822 -244.014 -325.919 -446.318 -625.857 -913.929 -1421.4 -2397.6 -4081.6 -7588.75 -11186 -7588.75 -4081.6 -2397.6 -1421.4 -913.929 -625.857 -446.318 -325.919 -244.014 -186.822 -144.085 -101.34 -93.6157 87.314 -31.0652 -52.2939 -46.1828 -39.1736 -32.4638 -26.2878 -20.9953 -16.669 -13.3186 -11.1144 -10.3739 
-12.9515 -13.8685 -16.578 -20.7198 -26.0839 -32.654 -40.3324 -48.7138 -57.5555 -65.1503 -46.5417 26.9263 -114.582 -129.647 -182.681 -236.698 -309.194 -411.939 -561.868 -786.671 -1149.4 -1786.36 -2983.03 -4999.41 -8648.37 -11651.2 -8648.37 -4999.41 -2983.03 -1786.36 -1149.4 -786.671 -561.868 -411.939 -309.194 -236.698 -182.681 -129.647 -114.582 26.9263 -46.5417 -65.1503 -57.5555 -48.7138 -40.3324 -32.654 -26.0839 -20.7198 -16.578 -13.8685 -12.9515 
-15.1734 -16.2406 -19.3492 -24.1399 -30.3783 -38.0216 -46.9685 -56.7947 -67.2061 -76.0565 -62.3495 -22.807 -133.762 -156.987 -217.2 -280.917 -366.873 -487.62 -663.004 -926.565 -1352.17 -2091.59 -3434.08 -5602.43 -8995.84 -11497 -8995.84 -5602.43 -3434.08 -2091.59 -1352.17 -926.565 -663.004 -487.62 -366.873 -280.917 -217.2 -156.987 -133.762 -22.807 -62.3495 -76.0565 -67.2061 -56.7947 -46.9685 -38.0216 -30.3783 -24.1399 -19.3492 -16.2406 -15.1734 
-17.0855 -18.2683 -21.6862 -27.0101 -33.9603 -42.5063 -52.5263 -63.5745 -75.3582 -85.5174 -78.0958 -63.6585 -151.873 -182.983 -247.97 -319.994 -417.697 -553.87 -750.688 -1046.12 -1520.54 -2329.44 -3737.13 -5891.68 -8806.45 -10662.8 -8806.45 -5891.68 -3737.13 -2329.44 -1520.54 -1046.12 -750.688 -553.87 -417.697 -319.994 -247.97 -182.983 -151.873 -63.6585 -78.0958 -85.5174 -75.3583 -63.5745 -52.5263 -42.5063 -33.9603 -27.0101 -21.6862 -18.2683 -17.0855 
-18.7178 -19.9997 -23.6459 -29.3897 -36.9325 -46.2258 -57.1471 -69.2726 -82.3271 -94.047 -93.5582 -97.0066 -168.946 -206.954 -275.16 -354.429 -462.231 -611.192 -825.124 -1144.27 -1651.18 -2493.06 -3886.66 -5883.65 -8226.09 -9556.61 -8226.09 -5883.65 -3886.66 -2493.06 -1651.18 -1144.27 -825.124 -611.192 -462.231 -354.429 -275.16 -206.954 -168.946 -97.0066 -93.5582 -94.047 -82.3271 -69.2726 -57.1471 -46.2258 -36.9325 -29.3897 -23.6459 -19.9997 -18.7178 
-20.1069 -21.464 -25.2794 -31.3526 -39.3768 -49.2911 -60.9715 -74.0608 -88.3308 -101.886 -108.264 -123.952 -184.658 -228.448 -298.987 -384.356 -500.326 -659.205 -885.184 -1218.8 -1740.03 -2576.6 -3884.83 -5621.85 -7401.23 -8302.35 -7401.23 -5621.85 -3884.83 -2576.6 -1740.03 -1218.8 -885.184 -659.205 -500.326 -384.356 -298.987 -228.448 -184.658 -123.952 -108.264 -101.886 -88.3308 -74.0608 -60.9715 -49.2911 -39.3768 -31.3526 -25.2794 -21.464 -20.1069 
-21.2805 -22.6912 -26.6268 -32.9494 -41.3537 -51.7698 -64.0942 -78.0488 -93.4871 -109.035 -121.585 -145.303 -198.752 -247.134 -319.39 -409.6 -531.594 -697.022 -929.274 -1267.26 -1783.23 -2578.16 -3744.24 -5167.06 -6455.27 -7045.21 -6455.27 -5167.06 -3744.24 -2578.16 -1783.23 -1267.26 -929.274 -697.022 -531.594 -409.6 -319.39 -247.134 -198.752 -145.303 -121.585 -109.035 -93.4871 -78.0488 -64.0942 -51.7698 -41.3537 -32.9494 -26.6268 -22.6912 -21.2805 
-22.2467 -23.6934 -27.7129 -34.2132 -42.8954 -53.6968 -66.5446 -81.2532 -97.7845 -115.315 -133.019 -161.814 -210.921 -262.72 -336.148 -429.726 -555.287 -723.426 -955.667 -1287.1 -1778.47 -2499.95 -3486.63 -4588.17 -5483.28 -5858.17 -5483.28 -4588.17 -3486.63 -2499.95 -1778.47 -1287.1 -955.667 -723.426 -555.287 -429.726 -336.148 -262.72 -210.921 -161.814 -133.019 -115.315 -97.7845 -81.2532 -66.5446 -53.6968 -42.8954 -34.2132 -27.7129 -23.6934 -22.2467 
-23.0207 -24.4825 -28.5438 -35.145 -44.0061 -55.0761 -68.321 -83.6505 -101.143 -120.49 -142.224 -174.134 -220.854 -274.914 -348.833 -444.076 -570.415 -737.035 -962.535 -1276.31 -1725.13 -2349.43 -3141.92 -3951.83 -4553.25 -4787.18 -4553.25 -3951.83 -3141.92 -2349.43 -1725.13 -1276.31 -962.535 -737.035 -570.415 -444.076 -348.833 -274.914 -220.854 -174.134 -142.224 -120.49 -101.143 -83.6505 -68.321 -55.0761 -44.0061 -35.145 -28.5438 -24.4825 -23.0207 
-23.5965 -25.0525 -29.1138 -35.7432 -44.6787 -55.8916 -69.3922 -85.1883 -103.471 -124.35 -149.012 -182.708 -228.133 -283.322 -356.883 -451.774 -575.811 -736.37 -948.118 -1233.85 -1625.9 -2140.05 -2744.99 -3314.04 -3707.51 -3851.99 -3707.51 -3314.04 -2744.99 -2140.05 -1625.9 -1233.85 -948.118 -736.37 -575.811 -451.774 -356.883 -283.322 -228.133 -182.708 -149.012 -124.35 -103.471 -85.1883 -69.3922 -55.8916 -44.6787 -35.7432 -29.1138 -25.0525 -23.5965 
-23.9607 -25.3948 -29.4114 -35.9858 -44.8905 -56.1219 -69.732 -85.8214 -104.671 -126.691 -153.247 -187.79 -232.302 -287.465 -359.498 -451.812 -570.281 -720.017 -911.566 -1160.9 -1487.48 -1890.27 -2330.53 -2715.37 -2967.66 -3056.51 -2967.66 -2715.37 -2330.53 -1890.27 -1487.48 -1160.9 -911.566 -720.017 -570.281 -451.813 -359.498 -287.465 -232.302 -187.79 -153.247 -126.691 -104.671 -85.8214 -69.732 -56.1219 -44.8905 -35.9858 -29.4114 -25.3948 -23.9607 
-24.0989 -25.4905 -29.4115 -35.856 -44.6285 -55.7459 -69.3064 -85.4829 -104.63 -127.31 -154.816 -189.414 -232.824 -286.759 -355.872 -443.229 -552.79 -687.347 -853.583 -1061.34 -1320.41 -1621.04 -1927.96 -2180.36 -2339.77 -2394.3 -2339.77 -2180.36 -1927.96 -1621.04 -1320.41 -1061.34 -853.583 -687.347 -552.79 -443.229 -355.872 -286.759 -232.824 -189.414 -154.816 -127.31 -104.63 -85.4829 -69.3064 -55.7459 -44.6285 -35.856 -29.4115 -25.4905 -24.0989 
-23.9809 -25.3129 -29.0936 -35.3301 -43.8602 -54.7297 -68.0695 -84.0988 -103.203 -125.995 -153.579 -187.469 -229.22 -280.674 -345.293 -425.349 -523.015 -639.019 -776.943 -941.956 -1137.73 -1352.13 -1558.36 -1720.09 -1819.71 -1853.17 -1819.71 -1720.09 -1558.36 -1352.13 -1137.73 -941.956 -776.943 -639.019 -523.015 -425.349 -345.293 -280.674 -229.22 -187.469 -153.579 -125.995 -103.203 -84.0988 -68.0695 -54.7297 -43.8602 -35.3301 -29.0936 -25.3129 -23.9809 
-23.573 -24.8267 -28.421 -34.369 -42.5549 -53.0347 -65.9556 -81.5621 -100.237 -122.567 -149.414 -181.821 -221.126 -268.843 -327.406 -398.125 -481.688 -577.308 -686.489 -811.37 -952.587 -1099.42 -1233.89 -1335.69 -1397.48 -1417.99 -1397.48 -1335.69 -1233.89 -1099.42 -952.587 -811.37 -686.489 -577.308 -481.688 -398.125 -327.406 -268.843 -221.126 -181.821 -149.414 -122.567 -100.237 -81.5621 -65.9556 -53.0347 -42.5549 -34.369 -28.421 -24.8267 -23.573 
-22.8121 -23.9824 -27.3572 -32.9413 -40.6585 -50.5822 -62.8816 -77.7748 -95.6125 -116.881 -142.255 -172.426 -208.399 -251.224 -302.424 -362.404 -430.796 -505.974 -588.405 -678.602 -776.232 -873.345 -958.908 -1022.15 -1060.29 -1072.83 -1060.29 -1022.15 -958.908 -873.345 -776.232 -678.602 -588.405 -505.974 -430.796 -362.404 -302.424 -251.224 -208.399 -172.426 -142.255 -116.881 -95.6125 -77.7748 -62.8816 -50.5822 -40.6585 -32.9413 -27.3572 -23.9824 -22.8121 
-21.6748 -22.7268 -25.8298 -30.977 -38.1181 -47.3379 -58.7686 -72.6348 -89.2339 -108.925 -132.158 -159.354 -191.224 -228.281 -271.268 -319.945 -373.37 -429.725 -489.178 -551.561 -616.556 -678.914 -732.321 -771.223 -794.655 -802.317 -794.655 -771.223 -732.321 -678.914 -616.556 -551.561 -489.178 -429.725 -373.37 -319.945 -271.268 -228.281 -191.224 -159.354 -132.158 -108.925 -89.2339 -72.6348 -58.7686 -47.3379 -38.1181 -30.977 -25.8298 -22.7268 -21.6748 
-20.0666 -20.992 -23.7899 -28.4267 -34.8729 -43.202 -53.5676 -66.1294 -81.0999 -98.7393 -119.294 -142.979 -170.164 -200.934 -235.491 -273.22 -313.047 -353.38 -394.478 -435.966 -477.839 -516.909 -549.72 -573.44 -587.76 -592.43 -587.76 -573.44 -549.72 -516.909 -477.839 -435.966 -394.478 -353.38 -313.047 -273.22 -235.491 -200.934 -170.164 -142.979 -119.294 -98.7393 -81.0999 -66.1294 -53.5676 -43.202 -34.8729 -28.4267 -23.7899 -20.992 -20.0666 
-17.9248 -18.7195 -21.174 -25.2244 -30.8608 -38.166 -47.2608 -58.2535 -71.2877 -86.5122 -104.023 -123.851 -146.1 -170.565 -197.115 -225.057 -253.413 -281.039 -308.382 -335.031 -361.251 -385.217 -405.085 -419.415 -428.105 -430.943 -428.105 -419.415 -405.085 -385.217 -361.251 -335.031 -308.382 -281.039 -253.413 -225.057 -197.115 -170.565 -146.1 -123.851 -104.023 -86.5122 -71.2877 -58.2535 -47.2608 -38.166 -30.8608 -25.2244 -21.174 -18.7195 -17.9248 
-15.2239 -15.8699 -17.9411 -21.3332 -26.0628 -32.2074 -39.8453 -49.0668 -59.9446 -72.5349 -86.8288 -102.725 -120.146 -138.755 -158.254 -178.026 -197.367 -215.56 -233.148 -249.751 -265.769 -280.186 -292.043 -300.607 -305.835 -307.54 -305.835 -300.607 -292.043 -280.186 -265.769 -249.751 -233.148 -215.56 -197.367 -178.026 -158.254 -138.755 -120.146 -102.725 -86.8288 -72.5349 -59.9446 -49.0668 -39.8453 -32.2074 -26.0628 -21.3332 -17.9411 -15.8699 -15.2239 
-11.9507 -12.4458 -14.0792 -16.7464 -20.4745 -25.3302 -31.3785 -38.6738 -47.2563 -57.1292 -68.2233 -80.3876 -93.4461 -107.002 -120.733 -134.184 -146.896 -158.476 -169.485 -179.569 -189.144 -197.66 -204.631 -209.683 -212.783 -213.795 -212.783 -209.683 -204.631 -197.66 -189.144 -179.569 -169.485 -158.476 -146.896 -134.184 -120.733 -107.002 -93.4461 -80.3876 -68.2233 -57.1292 -47.2563 -38.6738 -31.3785 -25.3302 -20.4745 -16.7464 -14.0792 -12.4458 -11.9507 
-8.18488 -8.52204 -9.66463 -11.5324 -14.166 -17.6179 -21.9453 -27.1934 -33.3838 -40.5269 -48.5885 -57.4716 -66.9089 -76.4845 -85.8857 -94.789 -102.936 -110.143 -116.91 -122.923 -128.548 -133.499 -137.534 -140.469 -142.269 -142.861 -142.269 -140.469 -137.534 -133.499 -128.548 -122.923 -116.91 -110.143 -102.936 -94.789 -85.8857 -76.4845 -66.9089 -57.4716 -48.5885 -40.5269 -33.3838 -27.1934 -21.9453 -17.6179 -14.166 -11.5324 -9.66463 -8.52204 -8.18488 
-4.06643 -4.23946 -4.83947 -5.82993 -7.24396 -9.12307 -11.5145 -14.4691 -18.0247 -22.264 -27.5161 -34.0233 -41.0639 -48.0126 -54.5557 -60.4997 -65.7298 -70.1883 -74.2829 -77.8709 -81.19 -84.0666 -86.3823 -88.0616 -89.0842 -89.4238 -89.0842 -88.0616 -86.3823 -84.0666 -81.19 -77.8709 -74.2829 -70.1883 -65.7298 -60.4997 -54.5557 -48.0126 -41.0639 -34.0233 -27.5161 -22.264 -18.0247 -14.4691 -11.5145 -9.12307 -7.24396 -5.82993 -4.83947 -4.23946 -4.06643 
-0 -0 -0 -0 -0 -0 -0 -0 -0 -0.66091 -6.30048 -15.825 -24.6363 -32.2856 -39.0228 -45.0013 -50.3182 -55.0312 -59.158 -62.64 -65.5413 -67.8952 -69.7178 -71.0162 -71.7947 -72.0539 -71.7947 -71.0162 -69.7178 -67.8952 -65.5413 -62.64 -59.158 -55.0312 -50.3182 -45.0013 -39.0228 -32.2856 -24.6363 -15.825 -6.30048 -0.66091 0 0 0 0 0 0 0 0 0 
